1.0e-05 0.0 4.19 2.88 1.84 -0.17
1.0e-05 0.1 4.19 2.88 1.84 -0.17
1.0e-05 0.2 4.19 2.88 1.84 -0.17
1.0e-05 0.3 4.19 2.88 1.84 -0.17
1.0e-05 0.4 4.19 2.88 1.84 -0.17
1.0e-05 0.5 4.19 2.88 1.84 -0.17
1.0e-05 0.6 4.19 2.88 1.84 -0.17
1.0e-05 0.7 4.19 2.88 1.84 -0.17
1.0e-05 0.8 4.19 2.88 1.84 -0.17
1.0e-05 0.9 4.19 2.88 1.84 -0.17
1.0e-05 1.0 4.19 2.88 1.84 -0.17
1.0e-05 1.1 4.19 2.88 1.84 -0.17
1.0e-05 1.2 4.19 2.88 1.84 -0.17
1.0e-05 1.3 4.19 2.88 1.84 -0.17
1.0e-05 1.4 4.19 2.88 1.84 -0.17
1.0e-05 1.5 4.19 2.88 1.84 -0.17
1.0e-05 1.6 4.19 2.87 1.83 -0.19
1.0e-05 1.7 4.22 2.92 1.95 0.18
1.0e-05 1.8 4.28 3.00 1.89 -0.05
1.0e-05 1.9 4.37 3.13 2.01 -0.10
1.0e-05 2.0 4.34 3.08 1.58 0.62
1.0e-05 2.1 4.56 3.46 2.10 1.83
1.0e-05 2.2 3.65 2.84 1.61 1.59
1.0e-05 2.3 4.01 3.52 2.03 2.07
1.0e-05 2.4 4.20 3.59 2.26 2.36
1.0e-05 2.5 3.34 2.86 1.83 2.27
1.0e-05 2.6 2.91 2.47 0.97 1.63
1.0e-05 2.7 1.21 1.04 0.12 0.93
1.0e-05 2.8 1.80 1.26 0.04 1.16
1.0e-05 2.9 1.80 1.49 -0.18 1.11
1.0e-05 3.0 1.85 1.79 0.20 1.17
1.0e-05 3.1 1.77 1.61 -0.09 1.04
1.0e-05 3.2 2.19 1.86 -0.13 1.06
1.0e-05 3.3 2.11 1.85 -0.12 1.02
1.0e-05 3.4 2.06 1.84 -0.16 0.94
1.0e-05 3.5 1.92 1.71 -0.17 0.99
1.0e-05 3.6 2.01 1.76 -0.13 1.01
1.0e-05 3.7 1.96 1.77 -0.08 1.00
1.0e-05 3.8 1.93 1.77 -0.08 1.00
1.0e-05 3.9 1.93 1.76 -0.08 1.00
1.0e-05 4.0 1.94 1.78 -0.07 1.00
1.3e-05 0.0 4.19 2.88 1.84 -0.17
1.3e-05 0.1 4.19 2.88 1.84 -0.17
1.3e-05 0.2 4.19 2.88 1.84 -0.17
1.3e-05 0.3 4.19 2.88 1.84 -0.17
1.3e-05 0.4 4.19 2.88 1.84 -0.17
1.3e-05 0.5 4.19 2.88 1.84 -0.17
1.3e-05 0.6 4.19 2.88 1.84 -0.17
1.3e-05 0.7 4.19 2.88 1.84 -0.17
1.3e-05 0.8 4.19 2.88 1.84 -0.17
1.3e-05 0.9 4.19 2.88 1.84 -0.17
1.3e-05 1.0 4.19 2.88 1.84 -0.17
1.3e-05 1.1 4.19 2.88 1.84 -0.17
1.3e-05 1.2 4.19 2.88 1.84 -0.17
1.3e-05 1.3 4.19 2.88 1.84 -0.17
1.3e-05 1.4 4.19 2.88 1.84 -0.17
1.3e-05 1.5 4.19 2.88 1.84 -0.17
1.3e-05 1.6 4.23 2.93 1.98 0.23
1.3e-05 1.7 4.25 2.97 2.06 0.14
1.3e-05 1.8 4.41 3.19 2.13 0.09
1.3e-05 1.9 4.20 2.85 1.54 -0.55
1.3e-05 2.0 4.18 2.86 1.65 0.86
1.3e-05 2.1 4.56 3.58 2.47 2.15
1.3e-05 2.2 3.93 3.23 1.88 1.81
1.3e-05 2.3 5.04 4.42 3.26 3.10
1.3e-05 2.4 3.79 3.22 1.95 2.33
1.3e-05 2.5 3.07 2.63 1.34 1.79
1.3e-05 2.6 2.24 1.94 0.71 1.52
1.3e-05 2.7 1.50 1.12 0.06 1.24
1.3e-05 2.8 2.13 1.70 0.01 0.87
1.3e-05 2.9 1.82 1.55 -0.01 1.23
1.3e-05 3.0 1.83 1.72 -0.01 1.02
1.3e-05 3.1 2.11 1.82 -0.09 1.11
1.3e-05 3.2 2.12 1.86 -0.00 1.16
1.3e-05 3.3 2.12 1.87 -0.07 0.99
1.3e-05 3.4 1.85 1.72 -0.19 0.99
1.3e-05 3.5 1.99 1.73 -0.15 1.00
1.3e-05 3.6 2.03 1.79 -0.08 1.01
1.3e-05 3.7 1.95 1.77 -0.09 1.00
1.3e-05 3.8 1.92 1.75 -0.09 1.00
1.3e-05 3.9 1.93 1.78 -0.07 1.00
1.3e-05 4.0 1.95 1.78 -0.07 1.00
1.6e-05 0.0 4.19 2.88 1.84 -0.17
1.6e-05 0.1 4.19 2.88 1.84 -0.17
1.6e-05 0.2 4.19 2.88 1.84 -0.17
1.6e-05 0.3 4.19 2.88 1.84 -0.17
1.6e-05 0.4 4.19 2.88 1.84 -0.17
1.6e-05 0.5 4.19 2.88 1.84 -0.17
1.6e-05 0.6 4.19 2.88 1.84 -0.17
1.6e-05 0.7 4.19 2.88 1.84 -0.17
1.6e-05 0.8 4.19 2.88 1.84 -0.17
1.6e-05 0.9 4.19 2.88 1.84 -0.17
1.6e-05 1.0 4.19 2.88 1.84 -0.17
1.6e-05 1.1 4.19 2.88 1.84 -0.17
1.6e-05 1.2 4.19 2.88 1.84 -0.17
1.6e-05 1.3 4.19 2.88 1.84 -0.17
1.6e-05 1.4 4.19 2.88 1.84 -0.17
1.6e-05 1.5 4.19 2.88 1.84 -0.17
1.6e-05 1.6 4.23 2.93 1.97 0.21
1.6e-05 1.7 4.32 3.06 2.00 0.09
1.6e-05 1.8 4.38 3.16 2.07 0.04
1.6e-05 1.9 4.33 3.02 1.61 -0.04
1.6e-05 2.0 4.38 3.09 1.70 1.03
1.6e-05 2.1 4.67 3.82 2.61 2.39
1.6e-05 2.2 3.86 3.29 1.77 1.80
1.6e-05 2.3 4.46 3.90 2.83 2.76
1.6e-05 2.4 3.77 3.30 2.20 2.67
1.6e-05 2.5 2.98 2.46 1.03 1.64
1.6e-05 2.6 1.39 1.27 0.61 1.39
1.6e-05 2.7 1.48 0.98 -0.18 1.13
1.6e-05 2.8 1.76 1.45 -0.08 1.04
1.6e-05 2.9 1.90 1.77 0.22 1.14
1.6e-05 3.0 1.83 1.69 -0.02 1.07
1.6e-05 3.1 2.16 1.84 -0.14 1.02
1.6e-05 3.2 2.06 1.83 -0.11 1.02
1.6e-05 3.3 2.05 1.84 -0.13 0.97
1.6e-05 3.4 1.94 1.72 -0.17 0.99
1.6e-05 3.5 2.00 1.76 -0.12 1.00
1.6e-05 3.6 1.96 1.78 -0.09 1.00
1.6e-05 3.7 1.93 1.76 -0.08 1.00
1.6e-05 3.8 1.92 1.77 -0.08 1.00
1.6e-05 3.9 1.95 1.78 -0.07 1.00
1.6e-05 4.0 1.95 1.78 -0.07 1.00
2.0e-05 0.0 4.19 2.88 1.84 -0.17
2.0e-05 0.1 4.19 2.88 1.84 -0.17
2.0e-05 0.2 4.19 2.88 1.84 -0.17
2.0e-05 0.3 4.19 2.88 1.84 -0.17
2.0e-05 0.4 4.19 2.88 1.84 -0.17
2.0e-05 0.5 4.19 2.88 1.84 -0.17
2.0e-05 0.6 4.19 2.88 1.84 -0.17
2.0e-05 0.7 4.19 2.88 1.84 -0.17
2.0e-05 0.8 4.19 2.88 1.84 -0.17
2.0e-05 0.9 4.19 2.88 1.84 -0.17
2.0e-05 1.0 4.19 2.88 1.84 -0.17
2.0e-05 1.1 4.19 2.88 1.84 -0.17
2.0e-05 1.2 4.19 2.88 1.84 -0.17
2.0e-05 1.3 4.19 2.88 1.84 -0.17
2.0e-05 1.4 4.19 2.88 1.84 -0.17
2.0e-05 1.5 4.19 2.88 1.83 -0.18
2.0e-05 1.6 4.27 2.98 2.10 0.19
2.0e-05 1.7 4.31 3.06 1.89 -0.02
2.0e-05 1.8 4.40 3.18 2.16 0.28
2.0e-05 1.9 4.50 3.18 1.94 0.87
2.0e-05 2.0 4.74 3.60 2.32 1.92
2.0e-05 2.1 4.00 3.20 1.89 1.88
2.0e-05 2.2 4.01 3.36 2.03 2.03
2.0e-05 2.3 3.83 3.20 1.83 2.35
2.0e-05 2.4 3.42 2.92 1.81 2.13
2.0e-05 2.5 2.83 2.46 0.84 1.67
2.0e-05 2.6 1.49 1.16 0.21 1.13
2.0e-05 2.7 2.16 1.65 0.00 1.01
2.0e-05 2.8 1.74 1.46 -0.03 1.35
2.0e-05 2.9 1.79 1.71 -0.02 1.08
2.0e-05 3.0 2.15 1.84 -0.07 1.11
2.0e-05 3.1 2.12 1.86 -0.02 1.14
2.0e-05 3.2 2.08 1.86 -0.07 1.00
2.0e-05 3.3 1.86 1.71 -0.19 0.98
2.0e-05 3.4 1.99 1.73 -0.15 1.00
2.0e-05 3.5 2.03 1.79 -0.08 1.01
2.0e-05 3.6 1.93 1.77 -0.09 1.00
2.0e-05 3.7 1.93 1.76 -0.08 1.00
2.0e-05 3.8 1.93 1.78 -0.07 1.00
2.0e-05 3.9 1.95 1.78 -0.07 1.00
2.0e-05 4.0 1.95 1.78 -0.07 1.00
2.5e-05 0.0 4.19 2.88 1.84 -0.17
2.5e-05 0.1 4.19 2.88 1.84 -0.17
2.5e-05 0.2 4.19 2.88 1.84 -0.17
2.5e-05 0.3 4.19 2.88 1.84 -0.17
2.5e-05 0.4 4.19 2.88 1.84 -0.17
2.5e-05 0.5 4.19 2.88 1.84 -0.17
2.5e-05 0.6 4.19 2.88 1.84 -0.17
2.5e-05 0.7 4.19 2.88 1.84 -0.17
2.5e-05 0.8 4.19 2.88 1.84 -0.17
2.5e-05 0.9 4.19 2.88 1.84 -0.17
2.5e-05 1.0 4.19 2.88 1.84 -0.17
2.5e-05 1.1 4.19 2.88 1.84 -0.17
2.5e-05 1.2 4.19 2.88 1.84 -0.17
2.5e-05 1.3 4.19 2.88 1.84 -0.17
2.5e-05 1.4 4.19 2.88 1.84 -0.17
2.5e-05 1.5 4.23 2.93 1.98 0.23
2.5e-05 1.6 4.25 2.96 2.06 0.15
2.5e-05 1.7 4.40 3.18 2.14 0.16
2.5e-05 1.8 4.25 2.93 1.62 -0.73
2.5e-05 1.9 4.72 3.35 1.66 0.90
2.5e-05 2.0 4.46 3.50 2.21 1.79
2.5e-05 2.1 4.04 3.43 2.01 2.10
2.5e-05 2.2 4.63 4.00 2.96 3.00
2.5e-05 2.3 3.65 3.25 1.95 2.21
2.5e-05 2.4 3.17 2.71 1.15 1.99
2.5e-05 2.5 1.76 1.60 0.59 1.50
2.5e-05 2.6 1.54 1.02 -0.12 1.19
2.5e-05 2.7 1.58 1.39 -0.17 0.93
2.5e-05 2.8 1.95 1.86 0.20 1.18
2.5e-05 2.9 1.79 1.63 -0.10 1.04
2.5e-05 3.0 2.12 1.82 -0.19 0.96
2.5e-05 3.1 2.11 1.86 -0.13 1.02
2.5e-05 3.2 2.06 1.85 -0.15 0.96
2.5e-05 3.3 1.94 1.72 -0.17 0.98
2.5e-05 3.4 2.01 1.76 -0.13 0.99
2.5e-05 3.5 1.97 1.79 -0.08 1.00
2.5e-05 3.6 1.94 1.76 -0.08 1.00
2.5e-05 3.7 1.93 1.77 -0.08 1.00
2.5e-05 3.8 1.95 1.78 -0.07 1.00
2.5e-05 3.9 1.95 1.78 -0.07 1.00
2.5e-05 4.0 1.95 1.78 -0.07 1.00
3.2e-05 0.0 4.19 2.88 1.84 -0.17
3.2e-05 0.1 4.19 2.88 1.84 -0.17
3.2e-05 0.2 4.19 2.88 1.84 -0.17
3.2e-05 0.3 4.19 2.88 1.84 -0.17
3.2e-05 0.4 4.19 2.88 1.84 -0.17
3.2e-05 0.5 4.19 2.88 1.84 -0.17
3.2e-05 0.6 4.19 2.88 1.84 -0.17
3.2e-05 0.7 4.19 2.88 1.84 -0.17
3.2e-05 0.8 4.19 2.88 1.84 -0.17
3.2e-05 0.9 4.19 2.88 1.84 -0.17
3.2e-05 1.0 4.19 2.88 1.84 -0.17
3.2e-05 1.1 4.19 2.88 1.84 -0.17
3.2e-05 1.2 4.19 2.88 1.84 -0.17
3.2e-05 1.3 4.19 2.88 1.84 -0.17
3.2e-05 1.4 4.19 2.88 1.84 -0.17
3.2e-05 1.5 4.23 2.93 1.97 0.21
3.2e-05 1.6 4.31 3.05 1.99 0.09
3.2e-05 1.7 4.44 3.25 2.23 0.19
3.2e-05 1.8 4.44 3.20 1.46 -0.53
3.2e-05 1.9 4.49 3.28 1.97 1.42
3.2e-05 2.0 5.19 4.33 3.05 2.90
3.2e-05 2.1 3.63 3.07 1.46 1.68
3.2e-05 2.2 5.01 4.38 2.96 3.13
3.2e-05 2.3 3.92 3.43 2.38 2.60
3.2e-05 2.4 3.19 2.81 1.26 1.88
3.2e-05 2.5 1.52 1.19 0.26 1.09
3.2e-05 2.6 1.83 1.27 -0.12 1.02
3.2e-05 2.7 1.68 1.44 -0.08 1.32
3.2e-05 2.8 1.80 1.71 0.06 1.08
3.2e-05 2.9 2.05 1.74 -0.10 1.07
3.2e-05 3.0 2.11 1.85 -0.05 1.11
3.2e-05 3.1 2.04 1.82 -0.09 0.99
3.2e-05 3.2 1.88 1.70 -0.18 0.98
3.2e-05 3.3 2.01 1.74 -0.15 1.00
3.2e-05 3.4 2.03 1.80 -0.07 1.00
3.2e-05 3.5 1.93 1.76 -0.09 1.00
3.2e-05 3.6 1.93 1.76 -0.08 1.00
3.2e-05 3.7 1.93 1.78 -0.07 1.00
3.2e-05 3.8 1.95 1.78 -0.07 1.00
3.2e-05 3.9 1.95 1.78 -0.07 1.00
3.2e-05 4.0 1.95 1.78 -0.07 1.00
4.0e-05 0.0 4.19 2.88 1.84 -0.17
4.0e-05 0.1 4.19 2.88 1.84 -0.17
4.0e-05 0.2 4.19 2.88 1.84 -0.17
4.0e-05 0.3 4.19 2.88 1.84 -0.17
4.0e-05 0.4 4.19 2.88 1.84 -0.17
4.0e-05 0.5 4.19 2.88 1.84 -0.17
4.0e-05 0.6 4.19 2.88 1.84 -0.17
4.0e-05 0.7 4.19 2.88 1.84 -0.17
4.0e-05 0.8 4.19 2.88 1.84 -0.17
4.0e-05 0.9 4.19 2.88 1.84 -0.17
4.0e-05 1.0 4.19 2.88 1.84 -0.17
4.0e-05 1.1 4.19 2.88 1.84 -0.17
4.0e-05 1.2 4.19 2.88 1.84 -0.17
4.0e-05 1.3 4.19 2.88 1.84 -0.17
4.0e-05 1.4 4.19 2.88 1.83 -0.18
4.0e-05 1.5 4.26 2.98 2.10 0.19
4.0e-05 1.6 4.30 3.04 1.88 -0.01
4.0e-05 1.7 4.35 3.07 1.96 -0.04
4.0e-05 1.8 4.47 3.17 1.90 0.70
4.0e-05 1.9 4.99 3.96 2.54 2.23
4.0e-05 2.0 4.22 3.43 1.98 2.05
4.0e-05 2.1 4.15 3.47 2.16 2.24
4.0e-05 2.2 3.25 2.76 1.43 2.09
4.0e-05 2.3 3.26 2.87 1.37 1.89
4.0e-05 2.4 2.22 2.09 0.89 1.55
4.0e-05 2.5 1.66 1.13 -0.11 1.11
4.0e-05 2.6 1.64 1.46 -0.17 0.97
4.0e-05 2.7 1.96 1.86 0.22 1.16
4.0e-05 2.8 1.77 1.58 -0.14 1.03
4.0e-05 2.9 2.11 1.81 -0.19 0.95
4.0e-05 3.0 2.09 1.88 -0.12 1.04
4.0e-05 3.1 2.02 1.83 -0.16 0.96
4.0e-05 3.2 1.96 1.73 -0.17 0.97
4.0e-05 3.3 2.01 1.76 -0.12 1.00
4.0e-05 3.4 1.96 1.78 -0.09 0.99
4.0e-05 3.5 1.93 1.76 -0.09 1.00
4.0e-05 3.6 1.92 1.77 -0.08 1.00
4.0e-05 3.7 1.95 1.78 -0.07 1.00
4.0e-05 3.8 1.95 1.78 -0.07 1.00
4.0e-05 3.9 1.95 1.78 -0.07 1.00
4.0e-05 4.0 1.95 1.78 -0.07 1.00
5.0e-05 0.0 4.19 2.88 1.84 -0.17
5.0e-05 0.1 4.19 2.88 1.84 -0.17
5.0e-05 0.2 4.19 2.88 1.84 -0.17
5.0e-05 0.3 4.19 2.88 1.84 -0.17
5.0e-05 0.4 4.19 2.88 1.84 -0.17
5.0e-05 0.5 4.19 2.88 1.84 -0.17
5.0e-05 0.6 4.19 2.88 1.84 -0.17
5.0e-05 0.7 4.19 2.88 1.84 -0.17
5.0e-05 0.8 4.19 2.88 1.84 -0.17
5.0e-05 0.9 4.19 2.88 1.84 -0.17
5.0e-05 1.0 4.19 2.88 1.84 -0.17
5.0e-05 1.1 4.19 2.88 1.84 -0.17
5.0e-05 1.2 4.19 2.88 1.84 -0.17
5.0e-05 1.3 4.19 2.88 1.84 -0.17
5.0e-05 1.4 4.23 2.93 1.98 0.23
5.0e-05 1.5 4.29 3.02 2.06 0.15
5.0e-05 1.6 4.41 3.20 2.12 0.19
5.0e-05 1.7 4.42 3.16 1.70 -0.38
5.0e-05 1.8 4.74 3.49 1.86 1.24
5.0e-05 1.9 4.68 3.70 2.10 1.85
5.0e-05 2.0 4.38 3.82 2.09 2.18
5.0e-05 2.1 4.67 3.95 2.71 2.94
5.0e-05 2.2 3.72 3.16 1.98 2.41
5.0e-05 2.3 3.19 2.81 1.31 1.97
5.0e-05 2.4 1.38 1.11 0.23 1.23
5.0e-05 2.5 1.93 1.30 -0.09 1.08
5.0e-05 2.6 1.67 1.41 -0.14 1.23
5.0e-05 2.7 1.76 1.64 0.02 1.02
5.0e-05 2.8 1.93 1.69 -0.07 1.10
5.0e-05 2.9 2.11 1.85 -0.04 1.10
5.0e-05 3.0 2.00 1.79 -0.09 1.00
5.0e-05 3.1 1.91 1.73 -0.16 0.98
5.0e-05 3.2 2.00 1.74 -0.15 0.99
5.0e-05 3.3 2.02 1.79 -0.08 1.00
5.0e-05 3.4 1.94 1.77 -0.09 0.99
5.0e-05 3.5 1.92 1.76 -0.08 1.00
5.0e-05 3.6 1.94 1.78 -0.07 1.00
5.0e-05 3.7 1.95 1.78 -0.07 1.00
5.0e-05 3.8 1.95 1.78 -0.07 1.00
5.0e-05 3.9 1.95 1.78 -0.07 1.00
5.0e-05 4.0 1.95 1.78 -0.07 1.00
6.3e-05 0.0 4.19 2.88 1.84 -0.17
6.3e-05 0.1 4.19 2.88 1.84 -0.17
6.3e-05 0.2 4.19 2.88 1.84 -0.17
6.3e-05 0.3 4.19 2.88 1.84 -0.17
6.3e-05 0.4 4.19 2.88 1.84 -0.17
6.3e-05 0.5 4.19 2.88 1.84 -0.17
6.3e-05 0.6 4.19 2.88 1.84 -0.17
6.3e-05 0.7 4.19 2.88 1.84 -0.17
6.3e-05 0.8 4.19 2.88 1.84 -0.17
6.3e-05 0.9 4.19 2.88 1.84 -0.17
6.3e-05 1.0 4.19 2.88 1.84 -0.17
6.3e-05 1.1 4.19 2.88 1.84 -0.17
6.3e-05 1.2 4.19 2.88 1.84 -0.17
6.3e-05 1.3 4.19 2.88 1.84 -0.17
6.3e-05 1.4 4.23 2.93 1.96 0.21
6.3e-05 1.5 4.30 3.04 1.99 0.10
6.3e-05 1.6 4.47 3.29 2.35 0.26
6.3e-05 1.7 4.31 2.92 1.27 -1.19
6.3e-05 1.8 4.24 2.96 1.44 0.89
6.3e-05 1.9 4.83 3.93 2.48 2.21
6.3e-05 2.0 3.86 3.08 1.49 1.51
6.3e-05 2.1 4.29 3.82 2.48 2.76
6.3e-05 2.2 3.55 3.06 1.69 2.03
6.3e-05 2.3 2.57 2.45 1.25 1.87
6.3e-05 2.4 1.51 0.95 0.14 1.34
6.3e-05 2.5 1.73 1.45 -0.27 0.94
6.3e-05 2.6 2.16 2.00 0.22 1.29
6.3e-05 2.7 1.89 1.70 -0.07 1.04
6.3e-05 2.8 2.01 1.76 -0.19 0.93
6.3e-05 2.9 2.06 1.86 -0.12 1.02
6.3e-05 3.0 2.02 1.83 -0.17 0.97
6.3e-05 3.1 1.94 1.72 -0.16 0.99
6.3e-05 3.2 2.01 1.76 -0.11 0.99
6.3e-05 3.3 1.96 1.78 -0.09 0.99
6.3e-05 3.4 1.93 1.76 -0.08 1.00
6.3e-05 3.5 1.92 1.77 -0.08 1.00
6.3e-05 3.6 1.95 1.78 -0.07 1.00
6.3e-05 3.7 1.95 1.78 -0.07 1.00
6.3e-05 3.8 1.95 1.78 -0.07 1.00
6.3e-05 3.9 1.95 1.78 -0.07 1.00
6.3e-05 4.0 1.95 1.78 -0.07 1.00
7.9e-05 0.0 4.19 2.88 1.84 -0.17
7.9e-05 0.1 4.19 2.88 1.84 -0.17
7.9e-05 0.2 4.19 2.88 1.84 -0.17
7.9e-05 0.3 4.19 2.88 1.84 -0.17
7.9e-05 0.4 4.19 2.88 1.84 -0.17
7.9e-05 0.5 4.19 2.88 1.84 -0.17
7.9e-05 0.6 4.19 2.88 1.84 -0.17
7.9e-05 0.7 4.19 2.88 1.84 -0.17
7.9e-05 0.8 4.19 2.88 1.84 -0.17
7.9e-05 0.9 4.19 2.88 1.84 -0.17
7.9e-05 1.0 4.19 2.88 1.84 -0.17
7.9e-05 1.1 4.19 2.88 1.84 -0.17
7.9e-05 1.2 4.19 2.88 1.84 -0.17
7.9e-05 1.3 4.19 2.88 1.83 -0.18
7.9e-05 1.4 4.26 2.98 2.09 0.19
7.9e-05 1.5 4.32 3.07 1.85 -0.01
7.9e-05 1.6 4.45 3.16 1.91 -0.26
7.9e-05 1.7 4.71 3.38 2.05 0.49
7.9e-05 1.8 4.77 3.71 2.17 1.80
7.9e-05 1.9 4.62 4.00 2.23 2.28
7.9e-05 2.0 4.00 3.26 1.79 1.97
7.9e-05 2.1 3.17 2.64 1.33 2.11
7.9e-05 2.2 3.28 2.93 1.25 1.91
7.9e-05 2.3 1.67 1.43 0.52 1.52
7.9e-05 2.4 1.73 1.17 -0.17 0.94
7.9e-05 2.5 1.55 1.26 -0.14 1.07
7.9e-05 2.6 1.77 1.67 0.09 1.09
7.9e-05 2.7 1.99 1.73 -0.10 1.05
7.9e-05 2.8 2.16 1.89 -0.00 1.11
7.9e-05 2.9 1.99 1.81 -0.12 0.99
7.9e-05 3.0 1.89 1.70 -0.17 0.97
7.9e-05 3.1 1.98 1.73 -0.15 0.98
7.9e-05 3.2 2.02 1.80 -0.08 1.01
7.9e-05 3.3 1.94 1.77 -0.08 1.00
7.9e-05 3.4 1.92 1.76 -0.08 1.00
7.9e-05 3.5 1.94 1.78 -0.07 1.00
7.9e-05 3.6 1.95 1.78 -0.07 1.00
7.9e-05 3.7 1.95 1.78 -0.07 1.00
7.9e-05 3.8 1.95 1.78 -0.07 1.00
7.9e-05 3.9 1.95 1.78 -0.07 1.00
7.9e-05 4.0 1.95 1.78 -0.07 1.00
1.0e-04 0.0 4.19 2.88 1.84 -0.17
1.0e-04 0.1 4.19 2.88 1.84 -0.17
1.0e-04 0.2 4.19 2.88 1.84 -0.17
1.0e-04 0.3 4.19 2.88 1.84 -0.17
1.0e-04 0.4 4.19 2.88 1.84 -0.17
1.0e-04 0.5 4.19 2.88 1.84 -0.17
1.0e-04 0.6 4.19 2.88 1.84 -0.17
1.0e-04 0.7 4.19 2.88 1.84 -0.17
1.0e-04 0.8 4.19 2.88 1.84 -0.17
1.0e-04 0.9 4.19 2.88 1.84 -0.17
1.0e-04 1.0 4.19 2.88 1.84 -0.17
1.0e-04 1.1 4.19 2.88 1.84 -0.17
1.0e-04 1.2 4.19 2.88 1.84 -0.17
1.0e-04 1.3 4.23 2.94 1.98 0.24
1.0e-04 1.4 4.29 3.02 2.05 0.15
1.0e-04 1.5 4.37 3.14 2.07 0.20
1.0e-04 1.6 4.51 3.32 1.67 -0.41
1.0e-04 1.7 4.70 3.43 2.12 1.54
1.0e-04 1.8 5.34 4.44 2.64 2.18
1.0e-04 1.9 4.60 3.69 2.07 2.01
1.0e-04 2.0 4.53 4.02 2.69 2.82
1.0e-04 2.1 3.64 3.11 1.93 2.28
1.0e-04 2.2 3.01 2.81 1.27 1.78
1.0e-04 2.3 1.74 1.26 0.35 1.20
1.0e-04 2.4 1.58 1.29 -0.20 0.98
1.0e-04 2.5 2.09 1.95 0.27 1.29
1.0e-04 2.6 1.80 1.57 -0.15 1.01
1.0e-04 2.7 1.98 1.73 -0.20 0.93
1.0e-04 2.8 2.02 1.82 -0.12 1.01
1.0e-04 2.9 1.98 1.79 -0.17 0.99
1.0e-04 3.0 1.94 1.72 -0.15 1.00
1.0e-04 3.1 2.00 1.77 -0.11 0.99
1.0e-04 3.2 1.95 1.78 -0.09 0.99
1.0e-04 3.3 1.94 1.76 -0.08 1.00
1.0e-04 3.4 1.92 1.77 -0.08 1.00
1.0e-04 3.5 1.95 1.78 -0.07 1.00
1.0e-04 3.6 1.95 1.78 -0.07 1.00
1.0e-04 3.7 1.95 1.78 -0.07 1.00
1.0e-04 3.8 1.95 1.78 -0.07 1.00
1.0e-04 3.9 1.95 1.78 -0.07 1.00
1.0e-04 4.0 1.95 1.78 -0.07 1.00
1.3e-04 0.0 4.19 2.88 1.84 -0.17
1.3e-04 0.1 4.19 2.88 1.84 -0.17
1.3e-04 0.2 4.19 2.88 1.84 -0.17
1.3e-04 0.3 4.19 2.88 1.84 -0.17
1.3e-04 0.4 4.19 2.88 1.84 -0.17
1.3e-04 0.5 4.19 2.88 1.84 -0.17
1.3e-04 0.6 4.19 2.88 1.84 -0.17
1.3e-04 0.7 4.19 2.88 1.84 -0.17
1.3e-04 0.8 4.19 2.88 1.84 -0.17
1.3e-04 0.9 4.19 2.88 1.84 -0.17
1.3e-04 1.0 4.19 2.88 1.84 -0.17
1.3e-04 1.1 4.19 2.88 1.84 -0.17
1.3e-04 1.2 4.19 2.88 1.84 -0.17
1.3e-04 1.3 4.23 2.93 1.96 0.21
1.3e-04 1.4 4.29 3.03 1.97 0.09
1.3e-04 1.5 4.51 3.29 2.28 0.29
1.3e-04 1.6 4.41 2.97 1.44 -0.64
1.3e-04 1.7 4.50 3.38 1.63 1.22
1.3e-04 1.8 5.23 4.66 2.77 2.31
1.3e-04 1.9 4.01 3.21 1.67 1.72
1.3e-04 2.0 3.27 2.78 1.73 2.32
1.3e-04 2.1 3.30 2.93 1.38 1.89
1.3e-04 2.2 1.94 1.76 0.73 1.50
1.3e-04 2.3 1.86 1.31 -0.05 1.07
1.3e-04 2.4 1.44 1.08 -0.30 0.93
1.3e-04 2.5 1.80 1.66 0.19 1.14
1.3e-04 2.6 1.85 1.63 -0.12 1.02
1.3e-04 2.7 2.08 1.81 -0.08 1.07
1.3e-04 2.8 1.96 1.80 -0.11 0.96
1.3e-04 2.9 1.93 1.72 -0.16 0.97
1.3e-04 3.0 1.97 1.74 -0.14 0.99
1.3e-04 3.1 2.01 1.80 -0.08 1.00
1.3e-04 3.2 1.94 1.77 -0.09 1.00
1.3e-04 3.3 1.92 1.77 -0.08 1.00
1.3e-04 3.4 1.95 1.78 -0.07 1.00
1.3e-04 3.5 1.95 1.78 -0.07 1.00
1.3e-04 3.6 1.95 1.78 -0.07 1.00
1.3e-04 3.7 1.95 1.78 -0.07 1.00
1.3e-04 3.8 1.95 1.78 -0.07 1.00
1.3e-04 3.9 1.95 1.78 -0.07 1.00
1.3e-04 4.0 1.95 1.78 -0.07 1.00
1.6e-04 0.0 4.19 2.88 1.84 -0.17
1.6e-04 0.1 4.19 2.88 1.84 -0.17
1.6e-04 0.2 4.19 2.88 1.84 -0.17
1.6e-04 0.3 4.19 2.88 1.84 -0.17
1.6e-04 0.4 4.19 2.88 1.84 -0.17
1.6e-04 0.5 4.19 2.88 1.84 -0.17
1.6e-04 0.6 4.19 2.88 1.84 -0.17
1.6e-04 0.7 4.19 2.88 1.84 -0.17
1.6e-04 0.8 4.19 2.88 1.84 -0.17
1.6e-04 0.9 4.19 2.88 1.84 -0.17
1.6e-04 1.0 4.19 2.88 1.84 -0.17
1.6e-04 1.1 4.19 2.88 1.84 -0.17
1.6e-04 1.2 4.19 2.88 1.84 -0.18
1.6e-04 1.3 4.31 3.04 2.09 0.19
1.6e-04 1.4 4.34 3.10 1.82 -0.02
1.6e-04 1.5 4.50 3.28 1.92 -0.21
1.6e-04 1.6 4.72 3.44 2.09 0.67
1.6e-04 1.7 5.03 4.05 2.02 1.58
1.6e-04 1.8 5.06 4.40 2.38 2.53
1.6e-04 1.9 3.64 3.01 1.56 1.66
1.6e-04 2.0 3.52 2.94 1.51 2.00
1.6e-04 2.1 3.09 2.83 1.31 1.94
1.6e-04 2.2 2.21 1.69 0.56 1.39
1.6e-04 2.3 1.75 1.48 -0.15 1.02
1.6e-04 2.4 2.05 1.85 0.18 1.29
1.6e-04 2.5 1.81 1.55 -0.09 0.98
1.6e-04 2.6 1.90 1.64 -0.19 0.95
1.6e-04 2.7 2.02 1.81 -0.10 1.04
1.6e-04 2.8 1.95 1.78 -0.17 0.99
1.6e-04 2.9 1.94 1.73 -0.14 0.99
1.6e-04 3.0 2.01 1.78 -0.10 0.99
1.6e-04 3.1 1.94 1.77 -0.09 0.99
1.6e-04 3.2 1.93 1.75 -0.09 1.00
1.6e-04 3.3 1.93 1.78 -0.07 1.00
1.6e-04 3.4 1.95 1.78 -0.07 1.00
1.6e-04 3.5 1.95 1.78 -0.07 1.00
1.6e-04 3.6 1.95 1.78 -0.07 1.00
1.6e-04 3.7 1.95 1.78 -0.07 1.00
1.6e-04 3.8 1.95 1.78 -0.07 1.00
1.6e-04 3.9 1.95 1.78 -0.07 1.00
1.6e-04 4.0 1.95 1.78 -0.07 1.00
2.0e-04 0.0 4.19 2.88 1.84 -0.17
2.0e-04 0.1 4.19 2.88 1.84 -0.17
2.0e-04 0.2 4.19 2.88 1.84 -0.17
2.0e-04 0.3 4.19 2.88 1.84 -0.17
2.0e-04 0.4 4.19 2.88 1.84 -0.17
2.0e-04 0.5 4.19 2.88 1.84 -0.17
2.0e-04 0.6 4.19 2.88 1.84 -0.17
2.0e-04 0.7 4.19 2.88 1.84 -0.17
2.0e-04 0.8 4.19 2.88 1.84 -0.17
2.0e-04 0.9 4.19 2.88 1.84 -0.17
2.0e-04 1.0 4.19 2.88 1.84 -0.17
2.0e-04 1.1 4.19 2.88 1.84 -0.17
2.0e-04 1.2 4.23 2.94 1.98 0.24
2.0e-04 1.3 4.32 3.07 2.05 0.15
2.0e-04 1.4 4.34 3.11 2.01 0.20
2.0e-04 1.5 4.50 3.24 1.60 -0.64
2.0e-04 1.6 4.89 3.78 1.95 1.37
2.0e-04 1.7 4.89 4.33 2.58 2.03
2.0e-04 1.8 4.84 4.04 2.29 2.21
2.0e-04 1.9 3.88 3.45 2.41 2.82
2.0e-04 2.0 3.94 3.52 1.84 2.04
2.0e-04 2.1 2.67 2.48 1.24 1.68
2.0e-04 2.2 1.45 0.83 -0.31 1.02
2.0e-04 2.3 1.35 1.00 -0.35 0.89
2.0e-04 2.4 1.76 1.67 0.07 1.04
2.0e-04 2.5 1.85 1.64 -0.16 0.98
2.0e-04 2.6 2.04 1.76 -0.15 1.04
2.0e-04 2.7 1.99 1.82 -0.09 0.98
2.0e-04 2.8 1.92 1.70 -0.17 0.99
2.0e-04 2.9 1.99 1.75 -0.14 0.98
2.0e-04 3.0 2.00 1.79 -0.08 1.00
2.0e-04 3.1 1.94 1.77 -0.08 1.00
2.0e-04 3.2 1.92 1.77 -0.08 1.00
2.0e-04 3.3 1.95 1.78 -0.07 1.00
2.0e-04 3.4 1.95 1.78 -0.07 1.00
2.0e-04 3.5 1.95 1.78 -0.07 1.00
2.0e-04 3.6 1.95 1.78 -0.07 1.00
2.0e-04 3.7 1.95 1.78 -0.07 1.00
2.0e-04 3.8 1.95 1.78 -0.07 1.00
2.0e-04 3.9 1.95 1.78 -0.07 1.00
2.0e-04 4.0 1.95 1.78 -0.07 1.00
2.5e-04 0.0 4.19 2.88 1.84 -0.17
2.5e-04 0.1 4.19 2.88 1.84 -0.17
2.5e-04 0.2 4.19 2.88 1.84 -0.17
2.5e-04 0.3 4.19 2.88 1.84 -0.17
2.5e-04 0.4 4.19 2.88 1.84 -0.17
2.5e-04 0.5 4.19 2.88 1.84 -0.17
2.5e-04 0.6 4.19 2.88 1.84 -0.17
2.5e-04 0.7 4.19 2.88 1.84 -0.17
2.5e-04 0.8 4.19 2.88 1.84 -0.17
2.5e-04 0.9 4.19 2.88 1.84 -0.17
2.5e-04 1.0 4.19 2.88 1.84 -0.17
2.5e-04 1.1 4.19 2.88 1.84 -0.17
2.5e-04 1.2 4.23 2.93 1.96 0.22
2.5e-04 1.3 4.28 3.00 1.95 0.09
2.5e-04 1.4 4.48 3.23 2.16 0.28
2.5e-04 1.5 4.73 3.37 1.90 -0.14
2.5e-04 1.6 5.18 4.19 2.20 1.95
2.5e-04 1.7 5.34 4.67 2.82 2.78
2.5e-04 1.8 4.18 3.47 1.63 1.72
2.5e-04 1.9 3.63 3.00 1.58 2.77
2.5e-04 2.0 3.33 3.05 1.54 2.09
2.5e-04 2.1 2.33 1.77 0.71 1.71
2.5e-04 2.2 1.70 1.37 0.01 1.03
2.5e-04 2.3 2.04 1.82 0.24 1.40
2.5e-04 2.4 1.76 1.50 -0.11 1.00
2.5e-04 2.5 1.92 1.64 -0.15 0.93
2.5e-04 2.6 2.03 1.78 -0.09 1.05
2.5e-04 2.7 1.96 1.78 -0.17 1.02
2.5e-04 2.8 1.95 1.75 -0.15 0.99
2.5e-04 2.9 1.99 1.77 -0.10 0.98
2.5e-04 3.0 1.93 1.76 -0.09 0.99
2.5e-04 3.1 1.93 1.75 -0.09 1.00
2.5e-04 3.2 1.93 1.78 -0.07 1.00
2.5e-04 3.3 1.95 1.78 -0.07 1.00
2.5e-04 3.4 1.95 1.78 -0.07 1.00
2.5e-04 3.5 1.95 1.78 -0.07 1.00
2.5e-04 3.6 1.95 1.78 -0.07 1.00
2.5e-04 3.7 1.95 1.78 -0.07 1.00
2.5e-04 3.8 1.95 1.78 -0.07 1.00
2.5e-04 3.9 1.95 1.78 -0.07 1.00
2.5e-04 4.0 1.95 1.78 -0.07 1.00
3.2e-04 0.0 4.19 2.88 1.84 -0.17
3.2e-04 0.1 4.19 2.88 1.84 -0.17
3.2e-04 0.2 4.19 2.88 1.84 -0.17
3.2e-04 0.3 4.19 2.88 1.84 -0.17
3.2e-04 0.4 4.19 2.88 1.84 -0.17
3.2e-04 0.5 4.19 2.88 1.84 -0.17
3.2e-04 0.6 4.19 2.88 1.84 -0.17
3.2e-04 0.7 4.19 2.88 1.84 -0.17
3.2e-04 0.8 4.19 2.88 1.84 -0.17
3.2e-04 0.9 4.19 2.88 1.84 -0.17
3.2e-04 1.0 4.19 2.88 1.84 -0.17
3.2e-04 1.1 4.19 2.88 1.84 -0.18
3.2e-04 1.2 4.30 3.04 2.09 0.19
3.2e-04 1.3 4.38 3.16 2.07 0.36
3.2e-04 1.4 4.54 3.41 1.98 -0.24
3.2e-04 1.5 4.74 3.55 1.82 0.79
3.2e-04 1.6 4.99 4.20 2.42 1.61
3.2e-04 1.7 5.29 4.39 2.54 2.63
3.2e-04 1.8 3.23 2.72 1.39 1.56
3.2e-04 1.9 3.54 3.08 1.28 1.67
3.2e-04 2.0 3.20 3.07 1.45 1.93
3.2e-04 2.1 1.91 1.22 0.08 1.09
3.2e-04 2.2 1.42 1.12 -0.15 0.93
3.2e-04 2.3 2.06 1.94 0.22 1.14
3.2e-04 2.4 1.91 1.66 -0.19 1.00
3.2e-04 2.5 1.99 1.72 -0.13 1.06
3.2e-04 2.6 1.97 1.84 -0.10 0.99
3.2e-04 2.7 1.97 1.74 -0.15 0.99
3.2e-04 2.8 1.98 1.75 -0.13 0.99
3.2e-04 2.9 1.98 1.78 -0.08 1.00
3.2e-04 3.0 1.94 1.77 -0.08 1.00
3.2e-04 3.1 1.92 1.77 -0.08 1.00
3.2e-04 3.2 1.95 1.78 -0.07 1.00
3.2e-04 3.3 1.95 1.78 -0.07 1.00
3.2e-04 3.4 1.95 1.78 -0.07 1.00
3.2e-04 3.5 1.95 1.78 -0.07 1.00
3.2e-04 3.6 1.95 1.78 -0.07 1.00
3.2e-04 3.7 1.95 1.78 -0.07 1.00
3.2e-04 3.8 1.95 1.78 -0.07 1.00
3.2e-04 3.9 1.95 1.78 -0.07 1.00
3.2e-04 4.0 1.95 1.78 -0.07 1.00
4.0e-04 0.0 4.19 2.88 1.84 -0.17
4.0e-04 0.1 4.19 2.88 1.84 -0.17
4.0e-04 0.2 4.19 2.88 1.84 -0.17
4.0e-04 0.3 4.19 2.88 1.84 -0.17
4.0e-04 0.4 4.19 2.88 1.84 -0.17
4.0e-04 0.5 4.19 2.88 1.84 -0.17
4.0e-04 0.6 4.19 2.88 1.84 -0.17
4.0e-04 0.7 4.19 2.88 1.84 -0.17
4.0e-04 0.8 4.19 2.88 1.84 -0.17
4.0e-04 0.9 4.19 2.88 1.84 -0.17
4.0e-04 1.0 4.19 2.88 1.84 -0.17
4.0e-04 1.1 4.23 2.93 1.98 0.24
4.0e-04 1.2 4.31 3.06 2.03 0.14
4.0e-04 1.3 4.54 3.35 2.07 0.18
4.0e-04 1.4 4.51 3.10 1.53 -1.00
4.0e-04 1.5 4.61 3.42 2.01 1.26
4.0e-04 1.6 5.02 4.47 2.20 1.41
4.0e-04 1.7 5.07 4.37 2.33 2.37
4.0e-04 1.8 4.01 3.36 2.28 2.66
4.0e-04 1.9 2.82 2.46 1.14 1.82
4.0e-04 2.0 2.34 1.71 0.36 1.45
4.0e-04 2.1 1.44 1.11 -0.05 1.08
4.0e-04 2.2 1.78 1.58 -0.00 1.23
4.0e-04 2.3 1.77 1.52 0.02 1.06
4.0e-04 2.4 1.76 1.54 -0.18 0.96
4.0e-04 2.5 2.00 1.80 -0.06 1.04
4.0e-04 2.6 1.99 1.80 -0.15 1.02
4.0e-04 2.7 1.94 1.75 -0.15 0.98
4.0e-04 2.8 2.00 1.78 -0.09 0.99
4.0e-04 2.9 1.94 1.77 -0.09 0.99
4.0e-04 3.0 1.93 1.75 -0.09 1.00
4.0e-04 3.1 1.94 1.78 -0.07 1.00
4.0e-04 3.2 1.95 1.78 -0.07 1.00
4.0e-04 3.3 1.95 1.78 -0.07 1.00
4.0e-04 3.4 1.95 1.78 -0.07 1.00
4.0e-04 3.5 1.95 1.78 -0.07 1.00
4.0e-04 3.6 1.95 1.78 -0.07 1.00
4.0e-04 3.7 1.95 1.78 -0.07 1.00
4.0e-04 3.8 1.95 1.78 -0.07 1.00
4.0e-04 3.9 1.95 1.78 -0.07 1.00
4.0e-04 4.0 1.95 1.78 -0.07 1.00
5.0e-04 0.0 4.19 2.88 1.84 -0.17
5.0e-04 0.1 4.19 2.88 1.84 -0.17
5.0e-04 0.2 4.19 2.88 1.84 -0.17
5.0e-04 0.3 4.19 2.88 1.84 -0.17
5.0e-04 0.4 4.19 2.88 1.84 -0.17
5.0e-04 0.5 4.19 2.88 1.84 -0.17
5.0e-04 0.6 4.19 2.88 1.84 -0.17
5.0e-04 0.7 4.19 2.88 1.84 -0.17
5.0e-04 0.8 4.19 2.88 1.84 -0.17
5.0e-04 0.9 4.19 2.88 1.84 -0.17
5.0e-04 1.0 4.19 2.88 1.84 -0.17
5.0e-04 1.1 4.27 2.99 2.12 0.22
5.0e-04 1.2 4.34 3.09 1.92 0.08
5.0e-04 1.3 4.55 3.37 2.11 0.22
5.0e-04 1.4 4.28 2.93 1.75 0.38
5.0e-04 1.5 5.11 4.32 2.17 2.14
5.0e-04 1.6 5.52 4.68 2.39 2.56
5.0e-04 1.7 3.66 3.06 1.41 1.78
5.0e-04 1.8 3.39 2.89 1.34 2.34
5.0e-04 1.9 3.12 3.03 1.57 2.09
5.0e-04 2.0 2.20 1.55 0.42 1.30
5.0e-04 2.1 1.31 0.96 -0.33 0.87
5.0e-04 2.2 2.04 1.94 0.14 1.11
5.0e-04 2.3 1.79 1.52 -0.21 1.05
5.0e-04 2.4 1.94 1.73 -0.11 1.06
5.0e-04 2.5 1.98 1.84 -0.10 0.98
5.0e-04 2.6 1.99 1.77 -0.14 0.99
5.0e-04 2.7 1.99 1.76 -0.13 0.98
5.0e-04 2.8 1.98 1.78 -0.09 1.00
5.0e-04 2.9 1.93 1.76 -0.09 1.00
5.0e-04 3.0 1.92 1.77 -0.08 1.00
5.0e-04 3.1 1.95 1.78 -0.07 1.00
5.0e-04 3.2 1.95 1.78 -0.07 1.00
5.0e-04 3.3 1.95 1.78 -0.07 1.00
5.0e-04 3.4 1.95 1.78 -0.07 1.00
5.0e-04 3.5 1.95 1.78 -0.07 1.00
5.0e-04 3.6 1.95 1.78 -0.07 1.00
5.0e-04 3.7 1.95 1.78 -0.07 1.00
5.0e-04 3.8 1.95 1.78 -0.07 1.00
5.0e-04 3.9 1.95 1.78 -0.07 1.00
5.0e-04 4.0 1.95 1.78 -0.07 1.00
6.3e-04 0.0 4.19 2.88 1.84 -0.17
6.3e-04 0.1 4.19 2.88 1.84 -0.17
6.3e-04 0.2 4.19 2.88 1.84 -0.17
6.3e-04 0.3 4.19 2.88 1.84 -0.17
6.3e-04 0.4 4.19 2.88 1.84 -0.17
6.3e-04 0.5 4.19 2.88 1.84 -0.17
6.3e-04 0.6 4.19 2.88 1.84 -0.17
6.3e-04 0.7 4.19 2.88 1.84 -0.17
6.3e-04 0.8 4.19 2.88 1.84 -0.17
6.3e-04 0.9 4.19 2.88 1.84 -0.17
6.3e-04 1.0 4.19 2.88 1.83 -0.18
6.3e-04 1.1 4.30 3.03 2.08 0.19
6.3e-04 1.2 4.39 3.12 2.00 0.33
6.3e-04 1.3 4.71 3.51 1.81 -0.32
6.3e-04 1.4 4.66 3.42 1.69 0.92
6.3e-04 1.5 4.98 4.52 2.40 1.35
6.3e-04 1.6 5.57 4.75 2.69 2.57
6.3e-04 1.7 3.29 2.49 1.38 1.86
6.3e-04 1.8 3.33 2.96 1.12 1.81
6.3e-04 1.9 2.76 2.18 1.03 1.65
6.3e-04 2.0 1.43 1.10 -0.03 1.01
6.3e-04 2.1 1.77 1.53 -0.08 1.11
6.3e-04 2.2 1.76 1.53 -0.01 1.09
6.3e-04 2.3 1.81 1.55 -0.21 0.94
6.3e-04 2.4 1.95 1.78 -0.08 1.04
6.3e-04 2.5 1.97 1.79 -0.17 1.01
6.3e-04 2.6 1.91 1.74 -0.15 0.99
6.3e-04 2.7 1.98 1.77 -0.09 0.99
6.3e-04 2.8 1.95 1.78 -0.09 1.00
6.3e-04 2.9 1.92 1.75 -0.09 1.00
6.3e-04 3.0 1.94 1.78 -0.07 1.00
6.3e-04 3.1 1.95 1.78 -0.07 1.00
6.3e-04 3.2 1.95 1.78 -0.07 1.00
6.3e-04 3.3 1.95 1.78 -0.07 1.00
6.3e-04 3.4 1.95 1.78 -0.07 1.00
6.3e-04 3.5 1.95 1.78 -0.07 1.00
6.3e-04 3.6 1.95 1.78 -0.07 1.00
6.3e-04 3.7 1.95 1.78 -0.07 1.00
6.3e-04 3.8 1.95 1.78 -0.07 1.00
6.3e-04 3.9 1.95 1.78 -0.07 1.00
6.3e-04 4.0 1.95 1.78 -0.07 1.00
7.9e-04 0.0 4.19 2.88 1.84 -0.17
7.9e-04 0.1 4.19 2.88 1.84 -0.17
7.9e-04 0.2 4.19 2.88 1.84 -0.17
7.9e-04 0.3 4.19 2.88 1.84 -0.17
7.9e-04 0.4 4.19 2.88 1.84 -0.17
7.9e-04 0.5 4.19 2.88 1.84 -0.17
7.9e-04 0.6 4.19 2.88 1.84 -0.17
7.9e-04 0.7 4.19 2.88 1.84 -0.17
7.9e-04 0.8 4.19 2.88 1.84 -0.17
7.9e-04 0.9 4.19 2.88 1.84 -0.17
7.9e-04 1.0 4.23 2.93 1.98 0.24
7.9e-04 1.1 4.30 3.04 2.02 0.14
7.9e-04 1.2 4.54 3.32 2.07 0.13
7.9e-04 1.3 4.42 3.10 1.77 -0.50
7.9e-04 1.4 4.96 4.05 2.32 2.00
7.9e-04 1.5 5.51 4.80 2.27 1.87
7.9e-04 1.6 4.23 3.71 1.92 2.22
7.9e-04 1.7 3.82 3.26 2.08 2.64
7.9e-04 1.8 3.20 3.02 1.38 1.83
7.9e-04 1.9 2.13 1.37 0.41 1.41
7.9e-04 2.0 1.30 1.01 -0.21 1.00
7.9e-04 2.1 2.04 1.83 0.08 1.17
7.9e-04 2.2 1.78 1.50 -0.26 1.03
7.9e-04 2.3 1.94 1.71 -0.12 1.08
7.9e-04 2.4 1.92 1.79 -0.12 0.98
7.9e-04 2.5 1.95 1.74 -0.15 0.98
7.9e-04 2.6 2.02 1.78 -0.12 0.98
7.9e-04 2.7 1.97 1.77 -0.09 1.00
7.9e-04 2.8 1.93 1.76 -0.09 1.00
7.9e-04 2.9 1.92 1.77 -0.08 1.00
7.9e-04 3.0 1.96 1.78 -0.07 1.00
7.9e-04 3.1 1.95 1.78 -0.07 1.00
7.9e-04 3.2 1.95 1.78 -0.07 1.00
7.9e-04 3.3 1.95 1.78 -0.07 1.00
7.9e-04 3.4 1.95 1.78 -0.07 1.00
7.9e-04 3.5 1.95 1.78 -0.07 1.00
7.9e-04 3.6 1.95 1.78 -0.07 1.00
7.9e-04 3.7 1.95 1.78 -0.07 1.00
7.9e-04 3.8 1.95 1.78 -0.07 1.00
7.9e-04 3.9 1.95 1.78 -0.07 1.00
7.9e-04 4.0 1.95 1.78 -0.07 1.00
1.0e-03 0.0 4.19 2.88 1.84 -0.17
1.0e-03 0.1 4.19 2.88 1.84 -0.17
1.0e-03 0.2 4.19 2.88 1.84 -0.17
1.0e-03 0.3 4.19 2.88 1.84 -0.17
1.0e-03 0.4 4.19 2.88 1.84 -0.17
1.0e-03 0.5 4.19 2.88 1.84 -0.17
1.0e-03 0.6 4.19 2.88 1.84 -0.17
1.0e-03 0.7 4.19 2.88 1.84 -0.17
1.0e-03 0.8 4.19 2.88 1.84 -0.17
1.0e-03 0.9 4.19 2.88 1.84 -0.17
1.0e-03 1.0 4.31 3.05 2.11 0.22
1.0e-03 1.1 4.29 3.03 1.87 0.07
1.0e-03 1.2 4.75 3.66 2.26 0.12
1.0e-03 1.3 4.51 3.29 1.57 0.18
1.0e-03 1.4 5.38 4.99 3.04 2.38
1.0e-03 1.5 4.92 4.06 2.00 2.10
1.0e-03 1.6 3.40 2.65 1.10 1.61
1.0e-03 1.7 3.34 2.84 1.21 1.92
1.0e-03 1.8 3.25 2.77 1.44 1.88
1.0e-03 1.9 1.52 1.21 0.09 1.14
1.0e-03 2.0 1.69 1.38 0.03 0.97
1.0e-03 2.1 1.76 1.56 0.07 1.18
1.0e-03 2.2 1.85 1.58 -0.24 0.96
1.0e-03 2.3 1.97 1.78 -0.04 1.04
1.0e-03 2.4 1.94 1.77 -0.16 1.01
1.0e-03 2.5 1.94 1.74 -0.14 0.99
1.0e-03 2.6 1.99 1.76 -0.09 1.00
1.0e-03 2.7 1.95 1.78 -0.08 0.99
1.0e-03 2.8 1.92 1.76 -0.09 1.00
1.0e-03 2.9 1.94 1.78 -0.07 1.00
1.0e-03 3.0 1.95 1.78 -0.07 1.00
1.0e-03 3.1 1.95 1.78 -0.07 1.00
1.0e-03 3.2 1.95 1.78 -0.07 1.00
1.0e-03 3.3 1.95 1.78 -0.07 1.00
1.0e-03 3.4 1.95 1.78 -0.07 1.00
1.0e-03 3.5 1.95 1.78 -0.07 1.00
1.0e-03 3.6 1.95 1.78 -0.07 1.00
1.0e-03 3.7 1.95 1.78 -0.07 1.00
1.0e-03 3.8 1.95 1.78 -0.07 1.00
1.0e-03 3.9 1.95 1.78 -0.07 1.00
1.0e-03 4.0 1.95 1.78 -0.07 1.00
1.3e-03 0.0 4.19 2.88 1.84 -0.17
1.3e-03 0.1 4.19 2.88 1.84 -0.17
1.3e-03 0.2 4.19 2.88 1.84 -0.17
1.3e-03 0.3 4.19 2.88 1.84 -0.17
1.3e-03 0.4 4.19 2.88 1.84 -0.17
1.3e-03 0.5 4.19 2.88 1.84 -0.17
1.3e-03 0.6 4.19 2.88 1.84 -0.17
1.3e-03 0.7 4.19 2.88 1.84 -0.17
1.3e-03 0.8 4.19 2.88 1.84 -0.17
1.3e-03 0.9 4.19 2.88 1.83 -0.18
1.3e-03 1.0 4.29 3.02 2.08 0.19
1.3e-03 1.1 4.49 3.23 1.90 0.30
1.3e-03 1.2 4.57 3.14 1.88 -0.14
1.3e-03 1.3 4.78 3.68 1.84 1.13
1.3e-03 1.4 5.45 4.77 2.56 1.56
1.3e-03 1.5 5.35 4.80 2.80 2.68
1.3e-03 1.6 2.97 2.39 1.02 1.78
1.3e-03 1.7 3.10 2.87 1.26 1.89
1.3e-03 1.8 2.67 1.91 0.68 1.47
1.3e-03 1.9 1.09 0.81 -0.24 1.06
1.3e-03 2.0 2.13 1.91 0.15 1.22
1.3e-03 2.1 1.83 1.48 -0.26 1.09
1.3e-03 2.2 1.95 1.71 -0.14 1.02
1.3e-03 2.3 1.89 1.76 -0.11 0.99
1.3e-03 2.4 1.96 1.75 -0.13 0.99
1.3e-03 2.5 2.03 1.78 -0.12 0.98
1.3e-03 2.6 1.96 1.77 -0.09 0.99
1.3e-03 2.7 1.93 1.76 -0.09 1.00
1.3e-03 2.8 1.93 1.78 -0.07 1.00
1.3e-03 2.9 1.95 1.78 -0.07 1.00
1.3e-03 3.0 1.95 1.78 -0.07 1.00
1.3e-03 3.1 1.95 1.78 -0.07 1.00
1.3e-03 3.2 1.95 1.78 -0.07 1.00
1.3e-03 3.3 1.95 1.78 -0.07 1.00
1.3e-03 3.4 1.95 1.78 -0.07 1.00
1.3e-03 3.5 1.95 1.78 -0.07 1.00
1.3e-03 3.6 1.95 1.78 -0.07 1.00
1.3e-03 3.7 1.95 1.78 -0.07 1.00
1.3e-03 3.8 1.95 1.78 -0.07 1.00
1.3e-03 3.9 1.95 1.78 -0.07 1.00
1.3e-03 4.0 1.95 1.78 -0.07 1.00
1.6e-03 0.0 4.19 2.88 1.84 -0.17
1.6e-03 0.1 4.19 2.88 1.84 -0.17
1.6e-03 0.2 4.19 2.88 1.84 -0.17
1.6e-03 0.3 4.19 2.88 1.84 -0.17
1.6e-03 0.4 4.19 2.88 1.84 -0.17
1.6e-03 0.5 4.19 2.88 1.84 -0.17
1.6e-03 0.6 4.19 2.88 1.84 -0.17
1.6e-03 0.7 4.19 2.88 1.84 -0.17
1.6e-03 0.8 4.19 2.88 1.84 -0.17
1.6e-03 0.9 4.19 2.87 1.82 -0.19
1.6e-03 1.0 4.32 3.07 1.99 0.13
1.6e-03 1.1 4.62 3.47 2.13 0.04
1.6e-03 1.2 4.56 3.30 1.52 -0.45
1.6e-03 1.3 5.50 4.95 2.56 2.00
1.6e-03 1.4 5.07 4.29 1.80 1.64
1.6e-03 1.5 3.59 2.96 1.21 1.97
1.6e-03 1.6 3.87 3.43 1.53 2.20
1.6e-03 1.7 3.15 2.81 1.27 1.86
1.6e-03 1.8 1.63 1.28 0.11 1.17
1.6e-03 1.9 1.59 1.23 -0.30 0.84
1.6e-03 2.0 1.80 1.62 0.03 1.03
1.6e-03 2.1 1.77 1.54 -0.18 0.96
1.6e-03 2.2 1.90 1.72 -0.06 1.03
1.6e-03 2.3 1.97 1.80 -0.15 1.01
1.6e-03 2.4 1.96 1.75 -0.13 0.98
1.6e-03 2.5 1.97 1.75 -0.09 1.00
1.6e-03 2.6 1.95 1.78 -0.08 0.99
1.6e-03 2.7 1.92 1.76 -0.09 1.00
1.6e-03 2.8 1.94 1.78 -0.07 1.00
1.6e-03 2.9 1.95 1.78 -0.07 1.00
1.6e-03 3.0 1.95 1.78 -0.07 1.00
1.6e-03 3.1 1.95 1.78 -0.07 1.00
1.6e-03 3.2 1.95 1.78 -0.07 1.00
1.6e-03 3.3 1.95 1.78 -0.07 1.00
1.6e-03 3.4 1.95 1.78 -0.07 1.00
1.6e-03 3.5 1.95 1.78 -0.07 1.00
1.6e-03 3.6 1.95 1.78 -0.07 1.00
1.6e-03 3.7 1.95 1.78 -0.07 1.00
1.6e-03 3.8 1.95 1.78 -0.07 1.00
1.6e-03 3.9 1.95 1.78 -0.07 1.00
1.6e-03 4.0 1.95 1.78 -0.07 1.00
2.0e-03 0.0 4.19 2.88 1.84 -0.17
2.0e-03 0.1 4.19 2.88 1.84 -0.17
2.0e-03 0.2 4.19 2.88 1.84 -0.17
2.0e-03 0.3 4.19 2.88 1.84 -0.17
2.0e-03 0.4 4.19 2.88 1.84 -0.17
2.0e-03 0.5 4.19 2.88 1.84 -0.17
2.0e-03 0.6 4.19 2.88 1.84 -0.17
2.0e-03 0.7 4.19 2.88 1.84 -0.17
2.0e-03 0.8 4.19 2.88 1.84 -0.17
2.0e-03 0.9 4.31 3.05 2.11 0.22
2.0e-03 1.0 4.35 3.06 1.80 0.03
2.0e-03 1.1 4.69 3.46 1.88 -0.02
2.0e-03 1.2 4.55 3.34 1.40 0.79
2.0e-03 1.3 4.92 4.43 2.43 2.26
2.0e-03 1.4 5.22 4.45 1.91 2.18
2.0e-03 1.5 2.71 2.06 0.75 1.26
2.0e-03 1.6 3.26 3.04 1.30 1.92
2.0e-03 1.7 2.84 2.05 0.94 1.54
2.0e-03 1.8 1.31 1.03 0.02 0.99
2.0e-03 1.9 2.32 2.05 0.11 1.24
2.0e-03 2.0 1.76 1.37 -0.24 1.03
2.0e-03 2.1 1.90 1.68 -0.16 1.01
2.0e-03 2.2 1.88 1.74 -0.10 1.00
2.0e-03 2.3 1.97 1.74 -0.12 1.00
2.0e-03 2.4 2.02 1.78 -0.13 0.97
2.0e-03 2.5 1.95 1.76 -0.10 0.99
2.0e-03 2.6 1.93 1.76 -0.09 1.00
2.0e-03 2.7 1.93 1.78 -0.07 1.00
2.0e-03 2.8 1.95 1.78 -0.07 1.00
2.0e-03 2.9 1.95 1.78 -0.07 1.00
2.0e-03 3.0 1.95 1.78 -0.07 1.00
2.0e-03 3.1 1.95 1.78 -0.07 1.00
2.0e-03 3.2 1.95 1.78 -0.07 1.00
2.0e-03 3.3 1.95 1.78 -0.07 1.00
2.0e-03 3.4 1.95 1.78 -0.07 1.00
2.0e-03 3.5 1.95 1.78 -0.07 1.00
2.0e-03 3.6 1.95 1.78 -0.07 1.00
2.0e-03 3.7 1.95 1.78 -0.07 1.00
2.0e-03 3.8 1.95 1.78 -0.07 1.00
2.0e-03 3.9 1.95 1.78 -0.07 1.00
2.0e-03 4.0 1.95 1.78 -0.07 1.00
2.5e-03 0.0 4.19 2.88 1.84 -0.17
2.5e-03 0.1 4.19 2.88 1.84 -0.17
2.5e-03 0.2 4.19 2.88 1.84 -0.17
2.5e-03 0.3 4.19 2.88 1.84 -0.17
2.5e-03 0.4 4.19 2.88 1.84 -0.17
2.5e-03 0.5 4.19 2.88 1.84 -0.17
2.5e-03 0.6 4.19 2.88 1.84 -0.17
2.5e-03 0.7 4.19 2.88 1.84 -0.17
2.5e-03 0.8 4.19 2.88 1.83 -0.18
2.5e-03 0.9 4.28 3.01 2.07 0.19
2.5e-03 1.0 4.50 3.23 1.90 0.26
2.5e-03 1.1 4.71 3.49 1.99 -0.08
2.5e-03 1.2 5.04 4.27 1.79 1.04
2.5e-03 1.3 5.39 4.87 2.46 1.88
2.5e-03 1.4 4.44 3.97 2.06 2.54
2.5e-03 1.5 3.62 3.11 1.29 1.97
2.5e-03 1.6 3.36 2.98 1.18 1.43
2.5e-03 1.7 1.65 1.31 0.31 1.28
2.5e-03 1.8 1.34 0.96 -0.52 0.77
2.5e-03 1.9 1.82 1.59 -0.08 0.98
2.5e-03 2.0 1.73 1.54 -0.11 0.98
2.5e-03 2.1 1.85 1.66 -0.09 1.01
2.5e-03 2.2 1.98 1.80 -0.16 1.00
2.5e-03 2.3 1.98 1.77 -0.12 1.00
2.5e-03 2.4 1.97 1.75 -0.09 0.99
2.5e-03 2.5 1.95 1.78 -0.09 0.99
2.5e-03 2.6 1.92 1.76 -0.09 1.00
2.5e-03 2.7 1.95 1.78 -0.07 1.00
2.5e-03 2.8 1.95 1.78 -0.07 1.00
2.5e-03 2.9 1.95 1.78 -0.07 1.00
2.5e-03 3.0 1.95 1.78 -0.07 1.00
2.5e-03 3.1 1.95 1.78 -0.07 1.00
2.5e-03 3.2 1.95 1.78 -0.07 1.00
2.5e-03 3.3 1.95 1.78 -0.07 1.00
2.5e-03 3.4 1.95 1.78 -0.07 1.00
2.5e-03 3.5 1.95 1.78 -0.07 1.00
2.5e-03 3.6 1.95 1.78 -0.07 1.00
2.5e-03 3.7 1.95 1.78 -0.07 1.00
2.5e-03 3.8 1.95 1.78 -0.07 1.00
2.5e-03 3.9 1.95 1.78 -0.07 1.00
2.5e-03 4.0 1.95 1.78 -0.07 1.00
3.2e-03 0.0 4.19 2.88 1.84 -0.17
3.2e-03 0.1 4.19 2.88 1.84 -0.17
3.2e-03 0.2 4.19 2.88 1.84 -0.17
3.2e-03 0.3 4.19 2.88 1.84 -0.17
3.2e-03 0.4 4.19 2.88 1.84 -0.17
3.2e-03 0.5 4.19 2.88 1.84 -0.17
3.2e-03 0.6 4.19 2.88 1.84 -0.17
3.2e-03 0.7 4.19 2.88 1.84 -0.17
3.2e-03 0.8 4.19 2.87 1.82 -0.19
3.2e-03 0.9 4.28 3.01 1.94 0.12
3.2e-03 1.0 4.82 3.64 2.22 -0.10
3.2e-03 1.1 4.45 3.26 1.24 0.03
3.2e-03 1.2 5.04 4.58 2.68 2.25
3.2e-03 1.3 5.02 4.06 1.51 1.38
3.2e-03 1.4 3.53 3.05 1.32 2.30
3.2e-03 1.5 3.55 3.26 1.37 2.16
3.2e-03 1.6 3.22 2.42 1.12 1.82
3.2e-03 1.7 1.44 1.16 -0.12 0.98
3.2e-03 1.8 2.10 1.82 0.15 1.04
3.2e-03 1.9 1.78 1.46 -0.13 1.14
3.2e-03 2.0 1.85 1.67 -0.15 1.04
3.2e-03 2.1 1.90 1.74 -0.11 0.96
3.2e-03 2.2 2.01 1.77 -0.13 1.01
3.2e-03 2.3 2.00 1.77 -0.11 0.97
3.2e-03 2.4 1.94 1.75 -0.10 0.98
3.2e-03 2.5 1.93 1.76 -0.09 1.00
3.2e-03 2.6 1.92 1.77 -0.07 1.00
3.2e-03 2.7 1.95 1.78 -0.07 1.00
3.2e-03 2.8 1.95 1.78 -0.07 1.00
3.2e-03 2.9 1.95 1.78 -0.07 1.00
3.2e-03 3.0 1.95 1.78 -0.07 1.00
3.2e-03 3.1 1.95 1.78 -0.07 1.00
3.2e-03 3.2 1.95 1.78 -0.07 1.00
3.2e-03 3.3 1.95 1.78 -0.07 1.00
3.2e-03 3.4 1.95 1.78 -0.07 1.00
3.2e-03 3.5 1.95 1.78 -0.07 1.00
3.2e-03 3.6 1.95 1.78 -0.07 1.00
3.2e-03 3.7 1.95 1.78 -0.07 1.00
3.2e-03 3.8 1.95 1.78 -0.07 1.00
3.2e-03 3.9 1.95 1.78 -0.07 1.00
3.2e-03 4.0 1.95 1.78 -0.07 1.00
4.0e-03 0.0 4.19 2.88 1.84 -0.17
4.0e-03 0.1 4.19 2.88 1.84 -0.17
4.0e-03 0.2 4.19 2.88 1.84 -0.17
4.0e-03 0.3 4.19 2.88 1.84 -0.17
4.0e-03 0.4 4.19 2.88 1.84 -0.17
4.0e-03 0.5 4.19 2.88 1.84 -0.17
4.0e-03 0.6 4.19 2.88 1.84 -0.17
4.0e-03 0.7 4.19 2.88 1.84 -0.17
4.0e-03 0.8 4.30 3.04 2.10 0.22
4.0e-03 0.9 4.38 3.07 1.69 -0.01
4.0e-03 1.0 4.61 3.42 2.35 0.41
4.0e-03 1.1 4.81 4.03 1.35 0.69
4.0e-03 1.2 5.34 4.94 2.93 2.90
4.0e-03 1.3 4.18 3.80 1.44 1.95
4.0e-03 1.4 3.07 2.42 0.79 1.72
4.0e-03 1.5 3.30 2.96 0.95 1.72
4.0e-03 1.6 2.13 1.76 0.66 1.35
4.0e-03 1.7 1.22 0.86 -0.42 0.88
4.0e-03 1.8 1.84 1.64 0.05 1.10
4.0e-03 1.9 1.65 1.45 -0.19 0.90
4.0e-03 2.0 1.80 1.63 -0.13 0.97
4.0e-03 2.1 1.93 1.77 -0.15 1.00
4.0e-03 2.2 2.00 1.77 -0.13 0.99
4.0e-03 2.3 1.96 1.75 -0.10 0.99
4.0e-03 2.4 1.95 1.79 -0.09 0.99
4.0e-03 2.5 1.92 1.76 -0.09 1.00
4.0e-03 2.6 1.95 1.78 -0.07 1.00
4.0e-03 2.7 1.95 1.78 -0.07 1.00
4.0e-03 2.8 1.95 1.78 -0.07 1.00
4.0e-03 2.9 1.95 1.78 -0.07 1.00
4.0e-03 3.0 1.95 1.78 -0.07 1.00
4.0e-03 3.1 1.95 1.78 -0.07 1.00
4.0e-03 3.2 1.95 1.78 -0.07 1.00
4.0e-03 3.3 1.95 1.78 -0.07 1.00
4.0e-03 3.4 1.95 1.78 -0.07 1.00
4.0e-03 3.5 1.95 1.78 -0.07 1.00
4.0e-03 3.6 1.95 1.78 -0.07 1.00
4.0e-03 3.7 1.95 1.78 -0.07 1.00
4.0e-03 3.8 1.95 1.78 -0.07 1.00
4.0e-03 3.9 1.95 1.78 -0.07 1.00
4.0e-03 4.0 1.95 1.78 -0.07 1.00
5.0e-03 0.0 4.19 2.88 1.84 -0.17
5.0e-03 0.1 4.19 2.88 1.84 -0.17
5.0e-03 0.2 4.19 2.88 1.84 -0.17
5.0e-03 0.3 4.19 2.88 1.84 -0.17
5.0e-03 0.4 4.19 2.88 1.84 -0.17
5.0e-03 0.5 4.19 2.88 1.84 -0.17
5.0e-03 0.6 4.19 2.88 1.84 -0.17
5.0e-03 0.7 4.19 2.88 1.83 -0.18
5.0e-03 0.8 4.26 2.98 2.04 0.18
5.0e-03 0.9 4.74 3.73 2.06 0.15
5.0e-03 1.0 4.46 3.21 1.56 0.15
5.0e-03 1.1 4.96 4.36 2.11 1.61
5.0e-03 1.2 5.32 4.42 2.10 2.09
5.0e-03 1.3 3.79 3.38 1.69 2.27
5.0e-03 1.4 3.36 2.98 0.79 1.48
5.0e-03 1.5 3.26 2.59 1.03 1.46
5.0e-03 1.6 1.43 1.14 0.20 1.15
5.0e-03 1.7 1.87 1.57 -0.00 0.97
5.0e-03 1.8 1.82 1.46 -0.18 1.07
5.0e-03 1.9 1.91 1.75 -0.15 1.08
5.0e-03 2.0 1.85 1.71 -0.07 0.99
5.0e-03 2.1 2.01 1.78 -0.12 1.01
5.0e-03 2.2 2.00 1.79 -0.11 0.98
5.0e-03 2.3 1.94 1.75 -0.10 0.98
5.0e-03 2.4 1.92 1.76 -0.09 1.00
5.0e-03 2.5 1.93 1.78 -0.07 1.00
5.0e-03 2.6 1.95 1.78 -0.07 1.00
5.0e-03 2.7 1.95 1.78 -0.07 1.00
5.0e-03 2.8 1.95 1.78 -0.07 1.00
5.0e-03 2.9 1.95 1.78 -0.07 1.00
5.0e-03 3.0 1.95 1.78 -0.07 1.00
5.0e-03 3.1 1.95 1.78 -0.07 1.00
5.0e-03 3.2 1.95 1.78 -0.07 1.00
5.0e-03 3.3 1.95 1.78 -0.07 1.00
5.0e-03 3.4 1.95 1.78 -0.07 1.00
5.0e-03 3.5 1.95 1.78 -0.07 1.00
5.0e-03 3.6 1.95 1.78 -0.07 1.00
5.0e-03 3.7 1.95 1.78 -0.07 1.00
5.0e-03 3.8 1.95 1.78 -0.07 1.00
5.0e-03 3.9 1.95 1.78 -0.07 1.00
5.0e-03 4.0 1.95 1.78 -0.07 1.00
6.3e-03 0.0 4.19 2.88 1.84 -0.17
6.3e-03 0.1 4.19 2.88 1.84 -0.17
6.3e-03 0.2 4.19 2.88 1.84 -0.17
6.3e-03 0.3 4.19 2.88 1.84 -0.17
6.3e-03 0.4 4.19 2.88 1.84 -0.17
6.3e-03 0.5 4.19 2.88 1.84 -0.17
6.3e-03 0.6 4.19 2.88 1.84 -0.17
6.3e-03 0.7 4.27 2.99 1.97 -0.19
6.3e-03 0.8 4.36 3.09 1.86 0.09
6.3e-03 0.9 4.68 3.45 2.00 -0.32
6.3e-03 1.0 4.79 3.82 0.98 -0.22
6.3e-03 1.1 4.90 4.44 2.17 2.01
6.3e-03 1.2 4.06 3.53 1.12 1.22
6.3e-03 1.3 3.08 2.59 0.91 1.98
6.3e-03 1.4 3.40 3.01 1.28 2.11
6.3e-03 1.5 2.63 2.11 0.93 1.59
6.3e-03 1.6 1.52 1.16 0.06 1.17
6.3e-03 1.7 2.12 1.92 0.20 1.16
6.3e-03 1.8 1.60 1.35 -0.17 0.90
6.3e-03 1.9 1.76 1.58 -0.13 0.96
6.3e-03 2.0 1.91 1.77 -0.14 1.01
6.3e-03 2.1 2.02 1.78 -0.13 0.99
6.3e-03 2.2 1.96 1.74 -0.10 0.99
6.3e-03 2.3 1.94 1.78 -0.09 0.99
6.3e-03 2.4 1.92 1.76 -0.08 1.00
6.3e-03 2.5 1.95 1.78 -0.07 1.00
6.3e-03 2.6 1.95 1.78 -0.07 1.00
6.3e-03 2.7 1.95 1.78 -0.07 1.00
6.3e-03 2.8 1.95 1.78 -0.07 1.00
6.3e-03 2.9 1.95 1.78 -0.07 1.00
6.3e-03 3.0 1.95 1.78 -0.07 1.00
6.3e-03 3.1 1.95 1.78 -0.07 1.00
6.3e-03 3.2 1.95 1.78 -0.07 1.00
6.3e-03 3.3 1.95 1.78 -0.07 1.00
6.3e-03 3.4 1.95 1.78 -0.07 1.00
6.3e-03 3.5 1.95 1.78 -0.07 1.00
6.3e-03 3.6 1.95 1.78 -0.07 1.00
6.3e-03 3.7 1.95 1.78 -0.07 1.00
6.3e-03 3.8 1.95 1.78 -0.07 1.00
6.3e-03 3.9 1.95 1.78 -0.07 1.00
6.3e-03 4.0 1.95 1.78 -0.07 1.00
7.9e-03 0.0 4.19 2.88 1.84 -0.17
7.9e-03 0.1 4.19 2.88 1.84 -0.17
7.9e-03 0.2 4.19 2.88 1.84 -0.17
7.9e-03 0.3 4.19 2.88 1.84 -0.17
7.9e-03 0.4 4.19 2.88 1.84 -0.17
7.9e-03 0.5 4.19 2.88 1.84 -0.17
7.9e-03 0.6 4.19 2.88 1.84 -0.17
7.9e-03 0.7 4.29 3.03 2.09 0.21
7.9e-03 0.8 4.51 3.31 1.94 -0.08
7.9e-03 0.9 4.85 3.68 2.14 0.03
7.9e-03 1.0 4.74 3.97 2.08 1.21
7.9e-03 1.1 5.36 4.56 2.14 2.40
7.9e-03 1.2 3.37 2.93 0.29 1.12
7.9e-03 1.3 3.53 2.99 1.00 2.09
7.9e-03 1.4 2.96 2.31 0.56 1.36
7.9e-03 1.5 1.70 1.37 0.26 1.03
7.9e-03 1.6 1.71 1.41 -0.16 0.84
7.9e-03 1.7 1.85 1.46 -0.31 1.08
7.9e-03 1.8 1.84 1.65 -0.16 1.08
7.9e-03 1.9 1.83 1.68 -0.07 0.98
7.9e-03 2.0 1.98 1.77 -0.13 1.02
7.9e-03 2.1 1.99 1.75 -0.11 0.98
7.9e-03 2.2 1.94 1.76 -0.10 0.98
7.9e-03 2.3 1.93 1.76 -0.09 1.00
7.9e-03 2.4 1.93 1.78 -0.07 1.00
7.9e-03 2.5 1.95 1.78 -0.07 1.00
7.9e-03 2.6 1.95 1.78 -0.07 1.00
7.9e-03 2.7 1.95 1.78 -0.07 1.00
7.9e-03 2.8 1.95 1.78 -0.07 1.00
7.9e-03 2.9 1.95 1.78 -0.07 1.00
7.9e-03 3.0 1.95 1.78 -0.07 1.00
7.9e-03 3.1 1.95 1.78 -0.07 1.00
7.9e-03 3.2 1.95 1.78 -0.07 1.00
7.9e-03 3.3 1.95 1.78 -0.07 1.00
7.9e-03 3.4 1.95 1.78 -0.07 1.00
7.9e-03 3.5 1.95 1.78 -0.07 1.00
7.9e-03 3.6 1.95 1.78 -0.07 1.00
7.9e-03 3.7 1.95 1.78 -0.07 1.00
7.9e-03 3.8 1.95 1.78 -0.07 1.00
7.9e-03 3.9 1.95 1.78 -0.07 1.00
7.9e-03 4.0 1.95 1.78 -0.07 1.00
1.0e-02 0.0 4.19 2.88 1.84 -0.17
1.0e-02 0.1 4.19 2.88 1.84 -0.17
1.0e-02 0.2 4.19 2.88 1.84 -0.17
1.0e-02 0.3 4.19 2.88 1.84 -0.17
1.0e-02 0.4 4.19 2.88 1.84 -0.17
1.0e-02 0.5 4.19 2.88 1.84 -0.17
1.0e-02 0.6 4.19 2.87 1.83 -0.18
1.0e-02 0.7 4.34 3.10 2.00 0.16
1.0e-02 0.8 4.68 3.45 1.77 -0.03
1.0e-02 0.9 4.72 3.58 1.13 -0.11
1.0e-02 1.0 5.02 4.75 2.67 2.28
1.0e-02 1.1 4.82 4.44 1.88 1.76
1.0e-02 1.2 3.88 3.42 1.50 2.70
1.0e-02 1.3 3.17 2.71 0.74 1.58
1.0e-02 1.4 2.51 1.95 0.72 1.25
1.0e-02 1.5 1.47 1.07 -0.13 1.24
1.0e-02 1.6 1.86 1.67 0.06 1.08
1.0e-02 1.7 1.61 1.33 -0.26 0.90
1.0e-02 1.8 1.80 1.60 -0.14 0.92
1.0e-02 1.9 1.88 1.72 -0.11 1.01
1.0e-02 2.0 2.01 1.77 -0.14 0.98
1.0e-02 2.1 1.95 1.75 -0.09 0.99
1.0e-02 2.2 1.94 1.78 -0.09 0.99
1.0e-02 2.3 1.92 1.77 -0.08 1.00
1.0e-02 2.4 1.95 1.78 -0.07 1.00
1.0e-02 2.5 1.95 1.78 -0.07 1.00
1.0e-02 2.6 1.95 1.78 -0.07 1.00
1.0e-02 2.7 1.95 1.78 -0.07 1.00
1.0e-02 2.8 1.95 1.78 -0.07 1.00
1.0e-02 2.9 1.95 1.78 -0.07 1.00
1.0e-02 3.0 1.95 1.78 -0.07 1.00
1.0e-02 3.1 1.95 1.78 -0.07 1.00
1.0e-02 3.2 1.95 1.78 -0.07 1.00
1.0e-02 3.3 1.95 1.78 -0.07 1.00
1.0e-02 3.4 1.95 1.78 -0.07 1.00
1.0e-02 3.5 1.95 1.78 -0.07 1.00
1.0e-02 3.6 1.95 1.78 -0.07 1.00
1.0e-02 3.7 1.95 1.78 -0.07 1.00
1.0e-02 3.8 1.95 1.78 -0.07 1.00
1.0e-02 3.9 1.95 1.78 -0.07 1.00
1.0e-02 4.0 1.95 1.78 -0.07 1.00
1.3e-02 0.0 4.19 2.88 1.84 -0.17
1.3e-02 0.1 4.19 2.88 1.84 -0.17
1.3e-02 0.2 4.19 2.88 1.84 -0.17
1.3e-02 0.3 4.19 2.88 1.84 -0.17
1.3e-02 0.4 4.19 2.88 1.84 -0.17
1.3e-02 0.5 4.19 2.88 1.84 -0.17
1.3e-02 0.6 4.27 2.99 1.97 -0.19
1.3e-02 0.7 4.34 3.00 1.74 0.04
1.3e-02 0.8 4.84 3.71 2.03 0.06
1.3e-02 0.9 4.56 3.60 0.96 0.51
1.3e-02 1.0 5.07 4.27 2.07 2.93
1.3e-02 1.1 3.25 2.78 0.66 0.73
1.3e-02 1.2 3.57 2.99 1.03 2.03
1.3e-02 1.3 3.56 2.85 1.08 1.67
1.3e-02 1.4 2.02 1.70 0.78 1.32
1.3e-02 1.5 1.96 1.63 -0.01 0.97
1.3e-02 1.6 1.80 1.47 -0.10 1.19
1.3e-02 1.7 1.65 1.50 -0.22 1.04
1.3e-02 1.8 1.80 1.62 -0.04 0.97
1.3e-02 1.9 1.99 1.80 -0.13 1.02
1.3e-02 2.0 2.00 1.77 -0.10 0.97
1.3e-02 2.1 1.96 1.76 -0.10 0.98
1.3e-02 2.2 1.93 1.76 -0.09 1.00
1.3e-02 2.3 1.93 1.77 -0.07 1.00
1.3e-02 2.4 1.95 1.78 -0.07 1.00
1.3e-02 2.5 1.95 1.78 -0.07 1.00
1.3e-02 2.6 1.95 1.78 -0.07 1.00
1.3e-02 2.7 1.95 1.78 -0.07 1.00
1.3e-02 2.8 1.95 1.78 -0.07 1.00
1.3e-02 2.9 1.95 1.78 -0.07 1.00
1.3e-02 3.0 1.95 1.78 -0.07 1.00
1.3e-02 3.1 1.95 1.78 -0.07 1.00
1.3e-02 3.2 1.95 1.78 -0.07 1.00
1.3e-02 3.3 1.95 1.78 -0.07 1.00
1.3e-02 3.4 1.95 1.78 -0.07 1.00
1.3e-02 3.5 1.95 1.78 -0.07 1.00
1.3e-02 3.6 1.95 1.78 -0.07 1.00
1.3e-02 3.7 1.95 1.78 -0.07 1.00
1.3e-02 3.8 1.95 1.78 -0.07 1.00
1.3e-02 3.9 1.95 1.78 -0.07 1.00
1.3e-02 4.0 1.95 1.78 -0.07 1.00
1.6e-02 0.0 4.19 2.88 1.84 -0.17
1.6e-02 0.1 4.19 2.88 1.84 -0.17
1.6e-02 0.2 4.19 2.88 1.84 -0.17
1.6e-02 0.3 4.19 2.88 1.84 -0.17
1.6e-02 0.4 4.19 2.88 1.84 -0.17
1.6e-02 0.5 4.19 2.88 1.84 -0.17
1.6e-02 0.6 4.27 3.00 2.07 0.20
1.6e-02 0.7 4.61 3.57 1.88 -0.21
1.6e-02 0.8 4.72 3.45 1.32 -0.18
1.6e-02 0.9 4.24 3.87 1.61 1.02
1.6e-02 1.0 4.65 4.05 1.70 2.06
1.6e-02 1.1 3.26 2.68 0.29 0.90
1.6e-02 1.2 3.45 3.02 0.58 1.92
1.6e-02 1.3 2.81 2.15 0.75 1.46
1.6e-02 1.4 1.73 1.36 0.02 1.10
1.6e-02 1.5 1.87 1.66 -0.03 0.91
1.6e-02 1.6 1.69 1.38 -0.31 0.91
1.6e-02 1.7 1.78 1.57 -0.14 0.96
1.6e-02 1.8 1.96 1.79 -0.07 1.02
1.6e-02 1.9 1.99 1.75 -0.13 0.98
1.6e-02 2.0 1.96 1.75 -0.10 0.99
1.6e-02 2.1 1.94 1.78 -0.09 0.99
1.6e-02 2.2 1.93 1.77 -0.08 1.00
1.6e-02 2.3 1.95 1.78 -0.07 1.00
1.6e-02 2.4 1.95 1.78 -0.07 1.00
1.6e-02 2.5 1.95 1.78 -0.07 1.00
1.6e-02 2.6 1.95 1.78 -0.07 1.00
1.6e-02 2.7 1.95 1.78 -0.07 1.00
1.6e-02 2.8 1.95 1.78 -0.07 1.00
1.6e-02 2.9 1.95 1.78 -0.07 1.00
1.6e-02 3.0 1.95 1.78 -0.07 1.00
1.6e-02 3.1 1.95 1.78 -0.07 1.00
1.6e-02 3.2 1.95 1.78 -0.07 1.00
1.6e-02 3.3 1.95 1.78 -0.07 1.00
1.6e-02 3.4 1.95 1.78 -0.07 1.00
1.6e-02 3.5 1.95 1.78 -0.07 1.00
1.6e-02 3.6 1.95 1.78 -0.07 1.00
1.6e-02 3.7 1.95 1.78 -0.07 1.00
1.6e-02 3.8 1.95 1.78 -0.07 1.00
1.6e-02 3.9 1.95 1.78 -0.07 1.00
1.6e-02 4.0 1.95 1.78 -0.07 1.00
2.0e-02 0.0 4.19 2.88 1.84 -0.17
2.0e-02 0.1 4.19 2.88 1.84 -0.17
2.0e-02 0.2 4.19 2.88 1.84 -0.17
2.0e-02 0.3 4.19 2.88 1.84 -0.17
2.0e-02 0.4 4.19 2.88 1.84 -0.17
2.0e-02 0.5 4.19 2.87 1.83 -0.18
2.0e-02 0.6 4.39 3.02 1.90 0.12
2.0e-02 0.7 4.83 3.69 2.20 0.36
2.0e-02 0.8 4.50 3.63 1.18 0.00
2.0e-02 0.9 4.91 4.14 2.24 2.59
2.0e-02 1.0 3.79 3.29 1.27 1.45
2.0e-02 1.1 3.07 2.47 0.18 1.57
2.0e-02 1.2 3.21 2.42 0.68 1.76
2.0e-02 1.3 1.93 1.57 0.46 1.11
2.0e-02 1.4 1.88 1.47 0.17 1.00
2.0e-02 1.5 1.91 1.62 -0.03 1.16
2.0e-02 1.6 1.69 1.56 -0.19 0.98
2.0e-02 1.7 1.83 1.64 -0.02 1.00
2.0e-02 1.8 1.99 1.81 -0.14 1.01
2.0e-02 1.9 1.99 1.77 -0.08 0.98
2.0e-02 2.0 1.95 1.75 -0.10 0.97
2.0e-02 2.1 1.93 1.76 -0.09 1.00
2.0e-02 2.2 1.95 1.78 -0.07 1.00
2.0e-02 2.3 1.95 1.78 -0.07 1.00
2.0e-02 2.4 1.95 1.78 -0.07 1.00
2.0e-02 2.5 1.95 1.78 -0.07 1.00
2.0e-02 2.6 1.95 1.78 -0.07 1.00
2.0e-02 2.7 1.95 1.78 -0.07 1.00
2.0e-02 2.8 1.95 1.78 -0.07 1.00
2.0e-02 2.9 1.95 1.78 -0.07 1.00
2.0e-02 3.0 1.95 1.78 -0.07 1.00
2.0e-02 3.1 1.95 1.78 -0.07 1.00
2.0e-02 3.2 1.95 1.78 -0.07 1.00
2.0e-02 3.3 1.95 1.78 -0.07 1.00
2.0e-02 3.4 1.95 1.78 -0.07 1.00
2.0e-02 3.5 1.95 1.78 -0.07 1.00
2.0e-02 3.6 1.95 1.78 -0.07 1.00
2.0e-02 3.7 1.95 1.78 -0.07 1.00
2.0e-02 3.8 1.95 1.78 -0.07 1.00
2.0e-02 3.9 1.95 1.78 -0.07 1.00
2.0e-02 4.0 1.95 1.78 -0.07 1.00
2.5e-02 0.0 4.19 2.88 1.84 -0.17
2.5e-02 0.1 4.19 2.88 1.84 -0.17
2.5e-02 0.2 4.19 2.88 1.84 -0.17
2.5e-02 0.3 4.19 2.88 1.84 -0.17
2.5e-02 0.4 4.19 2.88 1.84 -0.17
2.5e-02 0.5 4.26 2.98 1.96 -0.20
2.5e-02 0.6 4.49 3.40 1.77 -0.07
2.5e-02 0.7 4.69 3.64 1.69 -0.12
2.5e-02 0.8 4.25 3.94 1.59 1.44
2.5e-02 0.9 4.50 3.89 2.03 3.14
2.5e-02 1.0 3.11 2.60 -0.10 0.53
2.5e-02 1.1 3.56 3.21 0.57 1.30
2.5e-02 1.2 2.97 2.22 0.81 1.27
2.5e-02 1.3 1.83 1.47 0.17 1.16
2.5e-02 1.4 1.75 1.54 -0.21 0.82
2.5e-02 1.5 1.60 1.35 -0.27 0.96
2.5e-02 1.6 1.73 1.52 -0.16 0.99
2.5e-02 1.7 1.98 1.80 -0.03 1.05
2.5e-02 1.8 1.95 1.70 -0.14 0.98
2.5e-02 1.9 1.95 1.75 -0.10 0.99
2.5e-02 2.0 1.93 1.78 -0.09 0.99
2.5e-02 2.1 1.92 1.77 -0.08 1.00
2.5e-02 2.2 1.95 1.78 -0.07 1.00
2.5e-02 2.3 1.95 1.78 -0.07 1.00
2.5e-02 2.4 1.95 1.78 -0.07 1.00
2.5e-02 2.5 1.95 1.78 -0.07 1.00
2.5e-02 2.6 1.95 1.78 -0.07 1.00
2.5e-02 2.7 1.95 1.78 -0.07 1.00
2.5e-02 2.8 1.95 1.78 -0.07 1.00
2.5e-02 2.9 1.95 1.78 -0.07 1.00
2.5e-02 3.0 1.95 1.78 -0.07 1.00
2.5e-02 3.1 1.95 1.78 -0.07 1.00
2.5e-02 3.2 1.95 1.78 -0.07 1.00
2.5e-02 3.3 1.95 1.78 -0.07 1.00
2.5e-02 3.4 1.95 1.78 -0.07 1.00
2.5e-02 3.5 1.95 1.78 -0.07 1.00
2.5e-02 3.6 1.95 1.78 -0.07 1.00
2.5e-02 3.7 1.95 1.78 -0.07 1.00
2.5e-02 3.8 1.95 1.78 -0.07 1.00
2.5e-02 3.9 1.95 1.78 -0.07 1.00
2.5e-02 4.0 1.95 1.78 -0.07 1.00
3.2e-02 0.0 4.19 2.88 1.84 -0.17
3.2e-02 0.1 4.19 2.88 1.84 -0.17
3.2e-02 0.2 4.19 2.88 1.84 -0.17
3.2e-02 0.3 4.19 2.88 1.84 -0.17
3.2e-02 0.4 4.19 2.88 1.84 -0.17
3.2e-02 0.5 4.29 3.05 2.02 0.18
3.2e-02 0.6 4.77 3.52 1.58 -0.49
3.2e-02 0.7 4.60 3.91 0.94 0.01
3.2e-02 0.8 4.59 3.65 1.31 1.38
3.2e-02 0.9 4.14 3.52 1.05 1.18
3.2e-02 1.0 3.55 3.19 0.43 1.07
3.2e-02 1.1 3.38 2.58 0.41 1.94
3.2e-02 1.2 1.95 1.52 0.34 1.16
3.2e-02 1.3 1.99 1.65 0.31 1.03
3.2e-02 1.4 1.85 1.57 -0.05 1.03
3.2e-02 1.5 1.48 1.35 -0.23 1.01
3.2e-02 1.6 1.83 1.68 -0.01 1.01
3.2e-02 1.7 1.97 1.81 -0.13 1.02
3.2e-02 1.8 1.98 1.76 -0.10 0.96
3.2e-02 1.9 1.94 1.74 -0.10 0.97
3.2e-02 2.0 1.93 1.76 -0.09 1.00
3.2e-02 2.1 1.95 1.78 -0.07 1.00
3.2e-02 2.2 1.95 1.78 -0.07 1.00
3.2e-02 2.3 1.95 1.78 -0.07 1.00
3.2e-02 2.4 1.95 1.78 -0.07 1.00
3.2e-02 2.5 1.95 1.78 -0.07 1.00
3.2e-02 2.6 1.95 1.78 -0.07 1.00
3.2e-02 2.7 1.95 1.78 -0.07 1.00
3.2e-02 2.8 1.95 1.78 -0.07 1.00
3.2e-02 2.9 1.95 1.78 -0.07 1.00
3.2e-02 3.0 1.95 1.78 -0.07 1.00
3.2e-02 3.1 1.95 1.78 -0.07 1.00
3.2e-02 3.2 1.95 1.78 -0.07 1.00
3.2e-02 3.3 1.95 1.78 -0.07 1.00
3.2e-02 3.4 1.95 1.78 -0.07 1.00
3.2e-02 3.5 1.95 1.78 -0.07 1.00
3.2e-02 3.6 1.95 1.78 -0.07 1.00
3.2e-02 3.7 1.95 1.78 -0.07 1.00
3.2e-02 3.8 1.95 1.78 -0.07 1.00
3.2e-02 3.9 1.95 1.78 -0.07 1.00
3.2e-02 4.0 1.95 1.78 -0.07 1.00
4.0e-02 0.0 4.19 2.88 1.84 -0.17
4.0e-02 0.1 4.19 2.88 1.84 -0.17
4.0e-02 0.2 4.19 2.88 1.84 -0.17
4.0e-02 0.3 4.19 2.88 1.84 -0.17
4.0e-02 0.4 4.23 2.94 1.83 -0.18
4.0e-02 0.5 4.46 3.24 2.00 0.05
4.0e-02 0.6 4.86 3.73 1.82 0.20
4.0e-02 0.7 4.30 3.92 1.45 0.52
4.0e-02 0.8 4.44 3.74 1.90 3.03
4.0e-02 0.9 3.40 3.07 0.93 0.97
4.0e-02 1.0 2.99 2.53 0.10 1.08
4.0e-02 1.1 3.08 2.31 0.66 1.32
4.0e-02 1.2 1.44 1.19 0.02 0.90
4.0e-02 1.3 1.84 1.66 0.08 0.91
4.0e-02 1.4 1.58 1.28 -0.25 0.97
4.0e-02 1.5 1.60 1.37 -0.18 0.94
4.0e-02 1.6 1.92 1.74 -0.03 1.05
4.0e-02 1.7 2.01 1.76 -0.13 0.97
4.0e-02 1.8 1.93 1.73 -0.10 0.98
4.0e-02 1.9 1.94 1.78 -0.09 0.99
4.0e-02 2.0 1.93 1.77 -0.08 1.00
4.0e-02 2.1 1.95 1.78 -0.07 1.00
4.0e-02 2.2 1.95 1.78 -0.07 1.00
4.0e-02 2.3 1.95 1.78 -0.07 1.00
4.0e-02 2.4 1.95 1.78 -0.07 1.00
4.0e-02 2.5 1.95 1.78 -0.07 1.00
4.0e-02 2.6 1.95 1.78 -0.07 1.00
4.0e-02 2.7 1.95 1.78 -0.07 1.00
4.0e-02 2.8 1.95 1.78 -0.07 1.00
4.0e-02 2.9 1.95 1.78 -0.07 1.00
4.0e-02 3.0 1.95 1.78 -0.07 1.00
4.0e-02 3.1 1.95 1.78 -0.07 1.00
4.0e-02 3.2 1.95 1.78 -0.07 1.00
4.0e-02 3.3 1.95 1.78 -0.07 1.00
4.0e-02 3.4 1.95 1.78 -0.07 1.00
4.0e-02 3.5 1.95 1.78 -0.07 1.00
4.0e-02 3.6 1.95 1.78 -0.07 1.00
4.0e-02 3.7 1.95 1.78 -0.07 1.00
4.0e-02 3.8 1.95 1.78 -0.07 1.00
4.0e-02 3.9 1.95 1.78 -0.07 1.00
4.0e-02 4.0 1.95 1.78 -0.07 1.00
5.0e-02 0.0 4.19 2.88 1.84 -0.17
5.0e-02 0.1 4.19 2.88 1.84 -0.17
5.0e-02 0.2 4.19 2.88 1.84 -0.17
5.0e-02 0.3 4.19 2.88 1.84 -0.17
5.0e-02 0.4 4.28 3.01 1.94 -0.21
5.0e-02 0.5 4.67 3.53 1.83 -0.29
5.0e-02 0.6 4.71 3.89 1.07 -0.40
5.0e-02 0.7 4.43 3.65 1.05 0.86
5.0e-02 0.8 4.44 4.06 1.62 2.26
5.0e-02 0.9 3.52 3.19 0.21 1.06
5.0e-02 1.0 3.49 2.71 0.21 1.29
5.0e-02 1.1 2.48 2.06 0.43 1.28
5.0e-02 1.2 2.09 1.66 -0.04 0.86
5.0e-02 1.3 1.79 1.46 -0.03 1.10
5.0e-02 1.4 1.41 1.32 -0.23 1.01
5.0e-02 1.5 1.80 1.66 0.00 1.02
5.0e-02 1.6 1.98 1.82 -0.08 1.04
5.0e-02 1.7 2.02 1.78 -0.10 0.96
5.0e-02 1.8 1.92 1.73 -0.10 0.97
5.0e-02 1.9 1.93 1.77 -0.09 1.00
5.0e-02 2.0 1.95 1.78 -0.07 1.00
5.0e-02 2.1 1.95 1.78 -0.07 1.00
5.0e-02 2.2 1.95 1.78 -0.07 1.00
5.0e-02 2.3 1.95 1.78 -0.07 1.00
5.0e-02 2.4 1.95 1.78 -0.07 1.00
5.0e-02 2.5 1.95 1.78 -0.07 1.00
5.0e-02 2.6 1.95 1.78 -0.07 1.00
5.0e-02 2.7 1.95 1.78 -0.07 1.00
5.0e-02 2.8 1.95 1.78 -0.07 1.00
5.0e-02 2.9 1.95 1.78 -0.07 1.00
5.0e-02 3.0 1.95 1.78 -0.07 1.00
5.0e-02 3.1 1.95 1.78 -0.07 1.00
5.0e-02 3.2 1.95 1.78 -0.07 1.00
5.0e-02 3.3 1.95 1.78 -0.07 1.00
5.0e-02 3.4 1.95 1.78 -0.07 1.00
5.0e-02 3.5 1.95 1.78 -0.07 1.00
5.0e-02 3.6 1.95 1.78 -0.07 1.00
5.0e-02 3.7 1.95 1.78 -0.07 1.00
5.0e-02 3.8 1.95 1.78 -0.07 1.00
5.0e-02 3.9 1.95 1.78 -0.07 1.00
5.0e-02 4.0 1.95 1.78 -0.07 1.00
6.3e-02 0.0 4.19 2.88 1.84 -0.17
6.3e-02 0.1 4.19 2.88 1.84 -0.17
6.3e-02 0.2 4.19 2.88 1.84 -0.17
6.3e-02 0.3 4.19 2.88 1.84 -0.17
6.3e-02 0.4 4.36 3.06 2.03 0.12
6.3e-02 0.5 4.86 3.86 1.98 0.16
6.3e-02 0.6 4.28 3.68 1.11 0.38
6.3e-02 0.7 3.96 3.26 1.58 2.47
6.3e-02 0.8 3.44 3.19 1.03 0.95
6.3e-02 0.9 2.92 2.55 -0.03 0.74
6.3e-02 1.0 2.60 1.79 0.26 1.80
6.3e-02 1.1 1.78 1.37 0.30 0.92
6.3e-02 1.2 1.85 1.75 0.12 0.76
6.3e-02 1.3 1.67 1.33 -0.28 0.89
6.3e-02 1.4 1.52 1.29 -0.26 0.89
6.3e-02 1.5 1.90 1.72 -0.01 1.06
6.3e-02 1.6 2.00 1.75 -0.13 0.97
6.3e-02 1.7 1.94 1.73 -0.10 0.98
6.3e-02 1.8 1.94 1.78 -0.09 0.99
6.3e-02 1.9 1.93 1.77 -0.08 1.00
6.3e-02 2.0 1.95 1.78 -0.07 1.00
6.3e-02 2.1 1.95 1.78 -0.07 1.00
6.3e-02 2.2 1.95 1.78 -0.07 1.00
6.3e-02 2.3 1.95 1.78 -0.07 1.00
6.3e-02 2.4 1.95 1.78 -0.07 1.00
6.3e-02 2.5 1.95 1.78 -0.07 1.00
6.3e-02 2.6 1.95 1.78 -0.07 1.00
6.3e-02 2.7 1.95 1.78 -0.07 1.00
6.3e-02 2.8 1.95 1.78 -0.07 1.00
6.3e-02 2.9 1.95 1.78 -0.07 1.00
6.3e-02 3.0 1.95 1.78 -0.07 1.00
6.3e-02 3.1 1.95 1.78 -0.07 1.00
6.3e-02 3.2 1.95 1.78 -0.07 1.00
6.3e-02 3.3 1.95 1.78 -0.07 1.00
6.3e-02 3.4 1.95 1.78 -0.07 1.00
6.3e-02 3.5 1.95 1.78 -0.07 1.00
6.3e-02 3.6 1.95 1.78 -0.07 1.00
6.3e-02 3.7 1.95 1.78 -0.07 1.00
6.3e-02 3.8 1.95 1.78 -0.07 1.00
6.3e-02 3.9 1.95 1.78 -0.07 1.00
6.3e-02 4.0 1.95 1.78 -0.07 1.00
7.9e-02 0.0 4.19 2.88 1.84 -0.17
7.9e-02 0.1 4.19 2.88 1.84 -0.17
7.9e-02 0.2 4.19 2.88 1.84 -0.17
7.9e-02 0.3 4.23 2.93 1.82 -0.18
7.9e-02 0.4 4.44 3.40 1.70 -0.15
7.9e-02 0.5 4.64 3.71 1.02 -0.10
7.9e-02 0.6 3.92 3.04 1.19 1.23
7.9e-02 0.7 4.47 3.99 1.51 1.87
7.9e-02 0.8 3.50 3.06 0.50 0.88
7.9e-02 0.9 3.62 2.66 -0.01 0.48
7.9e-02 1.0 2.38 2.00 0.32 1.49
7.9e-02 1.1 1.75 1.32 -0.19 0.78
7.9e-02 1.2 1.74 1.41 -0.06 0.93
7.9e-02 1.3 1.39 1.28 -0.26 1.02
7.9e-02 1.4 1.72 1.55 -0.14 0.98
7.9e-02 1.5 2.00 1.84 -0.06 1.05
7.9e-02 1.6 2.00 1.77 -0.11 0.96
7.9e-02 1.7 1.92 1.73 -0.10 0.98
7.9e-02 1.8 1.93 1.77 -0.09 1.00
7.9e-02 1.9 1.95 1.78 -0.07 1.00
7.9e-02 2.0 1.95 1.78 -0.07 1.00
7.9e-02 2.1 1.95 1.78 -0.07 1.00
7.9e-02 2.2 1.95 1.78 -0.07 1.00
7.9e-02 2.3 1.95 1.78 -0.07 1.00
7.9e-02 2.4 1.95 1.78 -0.07 1.00
7.9e-02 2.5 1.95 1.78 -0.07 1.00
7.9e-02 2.6 1.95 1.78 -0.07 1.00
7.9e-02 2.7 1.95 1.78 -0.07 1.00
7.9e-02 2.8 1.95 1.78 -0.07 1.00
7.9e-02 2.9 1.95 1.78 -0.07 1.00
7.9e-02 3.0 1.95 1.78 -0.07 1.00
7.9e-02 3.1 1.95 1.78 -0.07 1.00
7.9e-02 3.2 1.95 1.78 -0.07 1.00
7.9e-02 3.3 1.95 1.78 -0.07 1.00
7.9e-02 3.4 1.95 1.78 -0.07 1.00
7.9e-02 3.5 1.95 1.78 -0.07 1.00
7.9e-02 3.6 1.95 1.78 -0.07 1.00
7.9e-02 3.7 1.95 1.78 -0.07 1.00
7.9e-02 3.8 1.95 1.78 -0.07 1.00
7.9e-02 3.9 1.95 1.78 -0.07 1.00
7.9e-02 4.0 1.95 1.78 -0.07 1.00
1.0e-01 0.0 4.19 2.88 1.84 -0.17
1.0e-01 0.1 4.19 2.88 1.84 -0.17
1.0e-01 0.2 4.19 2.88 1.84 -0.17
1.0e-01 0.3 4.31 3.06 2.00 -0.24
1.0e-01 0.4 5.02 4.02 2.06 -0.32
1.0e-01 0.5 4.56 3.97 1.46 0.60
1.0e-01 0.6 3.67 3.03 1.25 1.65
1.0e-01 0.7 3.62 3.18 1.14 1.47
1.0e-01 0.8 3.06 2.86 -0.34 0.55
1.0e-01 0.9 2.68 1.76 -0.23 1.32
1.0e-01 1.0 1.87 1.50 0.16 0.88
1.0e-01 1.1 1.86 1.72 0.04 0.89
1.0e-01 1.2 1.54 1.25 -0.49 0.89
1.0e-01 1.3 1.45 1.20 -0.29 0.99
1.0e-01 1.4 1.95 1.79 0.02 1.10
1.0e-01 1.5 1.99 1.75 -0.12 0.97
1.0e-01 1.6 1.93 1.73 -0.10 0.98
1.0e-01 1.7 1.94 1.78 -0.10 0.99
1.0e-01 1.8 1.93 1.77 -0.08 1.00
1.0e-01 1.9 1.95 1.78 -0.07 1.00
1.0e-01 2.0 1.95 1.78 -0.07 1.00
1.0e-01 2.1 1.95 1.78 -0.07 1.00
1.0e-01 2.2 1.95 1.78 -0.07 1.00
1.0e-01 2.3 1.95 1.78 -0.07 1.00
1.0e-01 2.4 1.95 1.78 -0.07 1.00
1.0e-01 2.5 1.95 1.78 -0.07 1.00
1.0e-01 2.6 1.95 1.78 -0.07 1.00
1.0e-01 2.7 1.95 1.78 -0.07 1.00
1.0e-01 2.8 1.95 1.78 -0.07 1.00
1.0e-01 2.9 1.95 1.78 -0.07 1.00
1.0e-01 3.0 1.95 1.78 -0.07 1.00
1.0e-01 3.1 1.95 1.78 -0.07 1.00
1.0e-01 3.2 1.95 1.78 -0.07 1.00
1.0e-01 3.3 1.95 1.78 -0.07 1.00
1.0e-01 3.4 1.95 1.78 -0.07 1.00
1.0e-01 3.5 1.95 1.78 -0.07 1.00
1.0e-01 3.6 1.95 1.78 -0.07 1.00
1.0e-01 3.7 1.95 1.78 -0.07 1.00
1.0e-01 3.8 1.95 1.78 -0.07 1.00
1.0e-01 3.9 1.95 1.78 -0.07 1.00
1.0e-01 4.0 1.95 1.78 -0.07 1.00
